#p 		 mp		 R 		 G 		B 		Y 	 h	s	v
0.000000	0.000000	1.000000	 1.000000	1.000000	1.000000	0.123000	 0.000000	 1.000000
0.001667	0.001667	1.000000	 0.999738	0.999000	0.999732	0.123000	 0.001000	 1.000000
0.003333	0.003333	1.000000	 0.999476	0.998000	0.999464	0.123000	 0.002000	 1.000000
0.005000	0.005000	1.000000	 0.999214	0.997000	0.999197	0.123000	 0.003000	 1.000000
0.006667	0.006667	1.000000	 0.998952	0.996000	0.998929	0.123000	 0.004000	 1.000000
0.008333	0.008333	1.000000	 0.998690	0.995000	0.998661	0.123000	 0.005000	 1.000000
0.010000	0.010000	1.000000	 0.998428	0.994000	0.998393	0.123000	 0.006000	 1.000000
0.011667	0.011667	1.000000	 0.998166	0.993000	0.998125	0.123000	 0.007000	 1.000000
0.013333	0.013333	1.000000	 0.997904	0.992000	0.997858	0.123000	 0.008000	 1.000000
0.015000	0.015000	1.000000	 0.997642	0.991000	0.997590	0.123000	 0.009000	 1.000000
0.016667	0.016667	1.000000	 0.997380	0.990000	0.997322	0.123000	 0.010000	 1.000000
0.018333	0.018333	1.000000	 0.997118	0.989000	0.997054	0.123000	 0.011000	 1.000000
0.020000	0.020000	1.000000	 0.996856	0.988000	0.996786	0.123000	 0.012000	 1.000000
0.021667	0.021667	1.000000	 0.996594	0.987000	0.996519	0.123000	 0.013000	 1.000000
0.023333	0.023333	1.000000	 0.996332	0.986000	0.996251	0.123000	 0.014000	 1.000000
0.025000	0.025000	1.000000	 0.996070	0.985000	0.995983	0.123000	 0.015000	 1.000000
0.026667	0.026667	1.000000	 0.995808	0.984000	0.995715	0.123000	 0.016000	 1.000000
0.028333	0.028333	1.000000	 0.995546	0.983000	0.995448	0.123000	 0.017000	 1.000000
0.030000	0.030000	1.000000	 0.995284	0.982000	0.995180	0.123000	 0.018000	 1.000000
0.031667	0.031667	1.000000	 0.995022	0.981000	0.994912	0.123000	 0.019000	 1.000000
0.033333	0.033333	1.000000	 0.994760	0.980000	0.994644	0.123000	 0.020000	 1.000000
0.035000	0.035000	1.000000	 0.994498	0.979000	0.994376	0.123000	 0.021000	 1.000000
0.036667	0.036667	1.000000	 0.994236	0.978000	0.994109	0.123000	 0.022000	 1.000000
0.038333	0.038333	1.000000	 0.993974	0.977000	0.993841	0.123000	 0.023000	 1.000000
0.040000	0.040000	1.000000	 0.993712	0.976000	0.993573	0.123000	 0.024000	 1.000000
0.041667	0.041667	1.000000	 0.993450	0.975000	0.993305	0.123000	 0.025000	 1.000000
0.043333	0.043333	1.000000	 0.993188	0.974000	0.993037	0.123000	 0.026000	 1.000000
0.045000	0.045000	1.000000	 0.992926	0.973000	0.992770	0.123000	 0.027000	 1.000000
0.046667	0.046667	1.000000	 0.992664	0.972000	0.992502	0.123000	 0.028000	 1.000000
0.048333	0.048333	1.000000	 0.992402	0.971000	0.992234	0.123000	 0.029000	 1.000000
0.050000	0.050000	1.000000	 0.992140	0.970000	0.991966	0.123000	 0.030000	 1.000000
0.051667	0.051667	1.000000	 0.991878	0.969000	0.991698	0.123000	 0.031000	 1.000000
0.053333	0.053333	1.000000	 0.991616	0.968000	0.991431	0.123000	 0.032000	 1.000000
0.055000	0.055000	1.000000	 0.991354	0.967000	0.991163	0.123000	 0.033000	 1.000000
0.056667	0.056667	1.000000	 0.991092	0.966000	0.990895	0.123000	 0.034000	 1.000000
0.058333	0.058333	1.000000	 0.990830	0.965000	0.990627	0.123000	 0.035000	 1.000000
0.060000	0.060000	1.000000	 0.990568	0.964000	0.990359	0.123000	 0.036000	 1.000000
0.061667	0.061667	1.000000	 0.990306	0.963000	0.990092	0.123000	 0.037000	 1.000000
0.063333	0.063333	1.000000	 0.990044	0.962000	0.989824	0.123000	 0.038000	 1.000000
0.065000	0.065000	1.000000	 0.989782	0.961000	0.989556	0.123000	 0.039000	 1.000000
0.066667	0.066667	1.000000	 0.989520	0.960000	0.989288	0.123000	 0.040000	 1.000000
0.068333	0.068333	1.000000	 0.989258	0.959000	0.989020	0.123000	 0.041000	 1.000000
0.070000	0.070000	1.000000	 0.988996	0.958000	0.988753	0.123000	 0.042000	 1.000000
0.071667	0.071667	1.000000	 0.988734	0.957000	0.988485	0.123000	 0.043000	 1.000000
0.073333	0.073333	1.000000	 0.988472	0.956000	0.988217	0.123000	 0.044000	 1.000000
0.075000	0.075000	1.000000	 0.988210	0.955000	0.987949	0.123000	 0.045000	 1.000000
0.076667	0.076667	1.000000	 0.987948	0.954000	0.987681	0.123000	 0.046000	 1.000000
0.078333	0.078333	1.000000	 0.987686	0.953000	0.987414	0.123000	 0.047000	 1.000000
0.080000	0.080000	1.000000	 0.987424	0.952000	0.987146	0.123000	 0.048000	 1.000000
0.081667	0.081667	1.000000	 0.987162	0.951000	0.986878	0.123000	 0.049000	 1.000000
0.083333	0.083333	1.000000	 0.986900	0.950000	0.986610	0.123000	 0.050000	 1.000000
0.085000	0.085000	1.000000	 0.986638	0.949000	0.986343	0.123000	 0.051000	 1.000000
0.086667	0.086667	1.000000	 0.986376	0.948000	0.986075	0.123000	 0.052000	 1.000000
0.088333	0.088333	1.000000	 0.986114	0.947000	0.985807	0.123000	 0.053000	 1.000000
0.090000	0.090000	1.000000	 0.985852	0.946000	0.985539	0.123000	 0.054000	 1.000000
0.091667	0.091667	1.000000	 0.985590	0.945000	0.985271	0.123000	 0.055000	 1.000000
0.093333	0.093333	1.000000	 0.985328	0.944000	0.985004	0.123000	 0.056000	 1.000000
0.095000	0.095000	1.000000	 0.985066	0.943000	0.984736	0.123000	 0.057000	 1.000000
0.096667	0.096667	1.000000	 0.984804	0.942000	0.984468	0.123000	 0.058000	 1.000000
0.098333	0.098333	1.000000	 0.984542	0.941000	0.984200	0.123000	 0.059000	 1.000000
0.100000	0.100000	1.000000	 0.984280	0.940000	0.983932	0.123000	 0.060000	 1.000000
0.101667	0.101667	1.000000	 0.984018	0.939000	0.983665	0.123000	 0.061000	 1.000000
0.103333	0.103333	1.000000	 0.983756	0.938000	0.983397	0.123000	 0.062000	 1.000000
0.105000	0.105000	1.000000	 0.983494	0.937000	0.983129	0.123000	 0.063000	 1.000000
0.106667	0.106667	1.000000	 0.983232	0.936000	0.982861	0.123000	 0.064000	 1.000000
0.108333	0.108333	1.000000	 0.982970	0.935000	0.982593	0.123000	 0.065000	 1.000000
0.110000	0.110000	1.000000	 0.982708	0.934000	0.982326	0.123000	 0.066000	 1.000000
0.111667	0.111667	1.000000	 0.982446	0.933000	0.982058	0.123000	 0.067000	 1.000000
0.113333	0.113333	1.000000	 0.982184	0.932000	0.981790	0.123000	 0.068000	 1.000000
0.115000	0.115000	1.000000	 0.981922	0.931000	0.981522	0.123000	 0.069000	 1.000000
0.116667	0.116667	1.000000	 0.981660	0.930000	0.981254	0.123000	 0.070000	 1.000000
0.118333	0.118333	1.000000	 0.981398	0.929000	0.980987	0.123000	 0.071000	 1.000000
0.120000	0.120000	1.000000	 0.981136	0.928000	0.980719	0.123000	 0.072000	 1.000000
0.121667	0.121667	1.000000	 0.980874	0.927000	0.980451	0.123000	 0.073000	 1.000000
0.123333	0.123333	1.000000	 0.980612	0.926000	0.980183	0.123000	 0.074000	 1.000000
0.125000	0.125000	1.000000	 0.980350	0.925000	0.979915	0.123000	 0.075000	 1.000000
0.126667	0.126667	1.000000	 0.980088	0.924000	0.979648	0.123000	 0.076000	 1.000000
0.128333	0.128333	1.000000	 0.979826	0.923000	0.979380	0.123000	 0.077000	 1.000000
0.130000	0.130000	1.000000	 0.979564	0.922000	0.979112	0.123000	 0.078000	 1.000000
0.131667	0.131667	1.000000	 0.979302	0.921000	0.978844	0.123000	 0.079000	 1.000000
0.133333	0.133333	1.000000	 0.979040	0.920000	0.978576	0.123000	 0.080000	 1.000000
0.135000	0.135000	1.000000	 0.978778	0.919000	0.978309	0.123000	 0.081000	 1.000000
0.136667	0.136667	1.000000	 0.978516	0.918000	0.978041	0.123000	 0.082000	 1.000000
0.138333	0.138333	1.000000	 0.978254	0.917000	0.977773	0.123000	 0.083000	 1.000000
0.140000	0.140000	1.000000	 0.977992	0.916000	0.977505	0.123000	 0.084000	 1.000000
0.141667	0.141667	1.000000	 0.977730	0.915000	0.977238	0.123000	 0.085000	 1.000000
0.143333	0.143333	1.000000	 0.977468	0.914000	0.976970	0.123000	 0.086000	 1.000000
0.145000	0.145000	1.000000	 0.977206	0.913000	0.976702	0.123000	 0.087000	 1.000000
0.146667	0.146667	1.000000	 0.976944	0.912000	0.976434	0.123000	 0.088000	 1.000000
0.148333	0.148333	1.000000	 0.976682	0.911000	0.976166	0.123000	 0.089000	 1.000000
0.150000	0.150000	1.000000	 0.976420	0.910000	0.975899	0.123000	 0.090000	 1.000000
0.151667	0.151667	1.000000	 0.976158	0.909000	0.975631	0.123000	 0.091000	 1.000000
0.153333	0.153333	1.000000	 0.975896	0.908000	0.975363	0.123000	 0.092000	 1.000000
0.155000	0.155000	1.000000	 0.975634	0.907000	0.975095	0.123000	 0.093000	 1.000000
0.156667	0.156667	1.000000	 0.975372	0.906000	0.974827	0.123000	 0.094000	 1.000000
0.158333	0.158333	1.000000	 0.975110	0.905000	0.974560	0.123000	 0.095000	 1.000000
0.160000	0.160000	1.000000	 0.974848	0.904000	0.974292	0.123000	 0.096000	 1.000000
0.161667	0.161667	1.000000	 0.974586	0.903000	0.974024	0.123000	 0.097000	 1.000000
0.163333	0.163333	1.000000	 0.974324	0.902000	0.973756	0.123000	 0.098000	 1.000000
0.165000	0.165000	1.000000	 0.974062	0.901000	0.973488	0.123000	 0.099000	 1.000000
0.166667	0.166667	1.000000	 0.973800	0.900000	0.973221	0.123000	 0.100000	 1.000000
0.168333	0.168333	1.000000	 0.973538	0.899000	0.972953	0.123000	 0.101000	 1.000000
0.170000	0.170000	1.000000	 0.973276	0.898000	0.972685	0.123000	 0.102000	 1.000000
0.171667	0.171667	1.000000	 0.973014	0.897000	0.972417	0.123000	 0.103000	 1.000000
0.173333	0.173333	1.000000	 0.972752	0.896000	0.972149	0.123000	 0.104000	 1.000000
0.175000	0.175000	1.000000	 0.972490	0.895000	0.971882	0.123000	 0.105000	 1.000000
0.176667	0.176667	1.000000	 0.972228	0.894000	0.971614	0.123000	 0.106000	 1.000000
0.178333	0.178333	1.000000	 0.971966	0.893000	0.971346	0.123000	 0.107000	 1.000000
0.180000	0.180000	1.000000	 0.971704	0.892000	0.971078	0.123000	 0.108000	 1.000000
0.181667	0.181667	1.000000	 0.971442	0.891000	0.970810	0.123000	 0.109000	 1.000000
0.183333	0.183333	1.000000	 0.971180	0.890000	0.970543	0.123000	 0.110000	 1.000000
0.185000	0.185000	1.000000	 0.970918	0.889000	0.970275	0.123000	 0.111000	 1.000000
0.186667	0.186667	1.000000	 0.970656	0.888000	0.970007	0.123000	 0.112000	 1.000000
0.188333	0.188333	1.000000	 0.970394	0.887000	0.969739	0.123000	 0.113000	 1.000000
0.190000	0.190000	1.000000	 0.970132	0.886000	0.969471	0.123000	 0.114000	 1.000000
0.191667	0.191667	1.000000	 0.969870	0.885000	0.969204	0.123000	 0.115000	 1.000000
0.193333	0.193333	1.000000	 0.969608	0.884000	0.968936	0.123000	 0.116000	 1.000000
0.195000	0.195000	1.000000	 0.969346	0.883000	0.968668	0.123000	 0.117000	 1.000000
0.196667	0.196667	1.000000	 0.969084	0.882000	0.968400	0.123000	 0.118000	 1.000000
0.198333	0.198333	1.000000	 0.968822	0.881000	0.968133	0.123000	 0.119000	 1.000000
0.200000	0.200000	1.000000	 0.968560	0.880000	0.967865	0.123000	 0.120000	 1.000000
0.201667	0.201667	1.000000	 0.968298	0.879000	0.967597	0.123000	 0.121000	 1.000000
0.203333	0.203333	1.000000	 0.968036	0.878000	0.967329	0.123000	 0.122000	 1.000000
0.205000	0.205000	1.000000	 0.967774	0.877000	0.967061	0.123000	 0.123000	 1.000000
0.206667	0.206667	1.000000	 0.967512	0.876000	0.966794	0.123000	 0.124000	 1.000000
0.208333	0.208333	1.000000	 0.967250	0.875000	0.966526	0.123000	 0.125000	 1.000000
0.210000	0.210000	1.000000	 0.966988	0.874000	0.966258	0.123000	 0.126000	 1.000000
0.211667	0.211667	1.000000	 0.966726	0.873000	0.965990	0.123000	 0.127000	 1.000000
0.213333	0.213333	1.000000	 0.966464	0.872000	0.965722	0.123000	 0.128000	 1.000000
0.215000	0.215000	1.000000	 0.966202	0.871000	0.965455	0.123000	 0.129000	 1.000000
0.216667	0.216667	1.000000	 0.965940	0.870000	0.965187	0.123000	 0.130000	 1.000000
0.218333	0.218333	1.000000	 0.965678	0.869000	0.964919	0.123000	 0.131000	 1.000000
0.220000	0.220000	1.000000	 0.965416	0.868000	0.964651	0.123000	 0.132000	 1.000000
0.221667	0.221667	1.000000	 0.965154	0.867000	0.964383	0.123000	 0.133000	 1.000000
0.223333	0.223333	1.000000	 0.964892	0.866000	0.964116	0.123000	 0.134000	 1.000000
0.225000	0.225000	1.000000	 0.964630	0.865000	0.963848	0.123000	 0.135000	 1.000000
0.226667	0.226667	1.000000	 0.964368	0.864000	0.963580	0.123000	 0.136000	 1.000000
0.228333	0.228333	1.000000	 0.964106	0.863000	0.963312	0.123000	 0.137000	 1.000000
0.230000	0.230000	1.000000	 0.963844	0.862000	0.963044	0.123000	 0.138000	 1.000000
0.231667	0.231667	1.000000	 0.963582	0.861000	0.962777	0.123000	 0.139000	 1.000000
0.233333	0.233333	1.000000	 0.963320	0.860000	0.962509	0.123000	 0.140000	 1.000000
0.235000	0.235000	1.000000	 0.963058	0.859000	0.962241	0.123000	 0.141000	 1.000000
0.236667	0.236667	1.000000	 0.962796	0.858000	0.961973	0.123000	 0.142000	 1.000000
0.238333	0.238333	1.000000	 0.962534	0.857000	0.961705	0.123000	 0.143000	 1.000000
0.240000	0.240000	1.000000	 0.962272	0.856000	0.961438	0.123000	 0.144000	 1.000000
0.241667	0.241667	1.000000	 0.962010	0.855000	0.961170	0.123000	 0.145000	 1.000000
0.243333	0.243333	1.000000	 0.961748	0.854000	0.960902	0.123000	 0.146000	 1.000000
0.245000	0.245000	1.000000	 0.961486	0.853000	0.960634	0.123000	 0.147000	 1.000000
0.246667	0.246667	1.000000	 0.961224	0.852000	0.960366	0.123000	 0.148000	 1.000000
0.248333	0.248333	1.000000	 0.960962	0.851000	0.960099	0.123000	 0.149000	 1.000000
0.250000	0.250000	1.000000	 0.960700	0.850000	0.959831	0.123000	 0.150000	 1.000000
0.251667	0.251667	1.000000	 0.960438	0.849000	0.959563	0.123000	 0.151000	 1.000000
0.253333	0.253333	1.000000	 0.960176	0.848000	0.959295	0.123000	 0.152000	 1.000000
0.255000	0.255000	1.000000	 0.959914	0.847000	0.959028	0.123000	 0.153000	 1.000000
0.256667	0.256667	1.000000	 0.959652	0.846000	0.958760	0.123000	 0.154000	 1.000000
0.258333	0.258333	1.000000	 0.959390	0.845000	0.958492	0.123000	 0.155000	 1.000000
0.260000	0.260000	1.000000	 0.959128	0.844000	0.958224	0.123000	 0.156000	 1.000000
0.261667	0.261667	1.000000	 0.958866	0.843000	0.957956	0.123000	 0.157000	 1.000000
0.263333	0.263333	1.000000	 0.958604	0.842000	0.957689	0.123000	 0.158000	 1.000000
0.265000	0.265000	1.000000	 0.958342	0.841000	0.957421	0.123000	 0.159000	 1.000000
0.266667	0.266667	1.000000	 0.958080	0.840000	0.957153	0.123000	 0.160000	 1.000000
0.268333	0.268333	1.000000	 0.957818	0.839000	0.956885	0.123000	 0.161000	 1.000000
0.270000	0.270000	1.000000	 0.957556	0.838000	0.956617	0.123000	 0.162000	 1.000000
0.271667	0.271667	1.000000	 0.957294	0.837000	0.956350	0.123000	 0.163000	 1.000000
0.273333	0.273333	1.000000	 0.957032	0.836000	0.956082	0.123000	 0.164000	 1.000000
0.275000	0.275000	1.000000	 0.956770	0.835000	0.955814	0.123000	 0.165000	 1.000000
0.276667	0.276667	1.000000	 0.956508	0.834000	0.955546	0.123000	 0.166000	 1.000000
0.278333	0.278333	1.000000	 0.956246	0.833000	0.955278	0.123000	 0.167000	 1.000000
0.280000	0.280000	1.000000	 0.955984	0.832000	0.955011	0.123000	 0.168000	 1.000000
0.281667	0.281667	1.000000	 0.955722	0.831000	0.954743	0.123000	 0.169000	 1.000000
0.283333	0.283333	1.000000	 0.955460	0.830000	0.954475	0.123000	 0.170000	 1.000000
0.285000	0.285000	1.000000	 0.955198	0.829000	0.954207	0.123000	 0.171000	 1.000000
0.286667	0.286667	1.000000	 0.954936	0.828000	0.953939	0.123000	 0.172000	 1.000000
0.288333	0.288333	1.000000	 0.954674	0.827000	0.953672	0.123000	 0.173000	 1.000000
0.290000	0.290000	1.000000	 0.954412	0.826000	0.953404	0.123000	 0.174000	 1.000000
0.291667	0.291667	1.000000	 0.954150	0.825000	0.953136	0.123000	 0.175000	 1.000000
0.293333	0.293333	1.000000	 0.953888	0.824000	0.952868	0.123000	 0.176000	 1.000000
0.295000	0.295000	1.000000	 0.953626	0.823000	0.952600	0.123000	 0.177000	 1.000000
0.296667	0.296667	1.000000	 0.953364	0.822000	0.952333	0.123000	 0.178000	 1.000000
0.298333	0.298333	1.000000	 0.953102	0.821000	0.952065	0.123000	 0.179000	 1.000000
0.300000	0.300000	1.000000	 0.952840	0.820000	0.951797	0.123000	 0.180000	 1.000000
0.301667	0.301667	1.000000	 0.952578	0.819000	0.951529	0.123000	 0.181000	 1.000000
0.303333	0.303333	1.000000	 0.952316	0.818000	0.951261	0.123000	 0.182000	 1.000000
0.305000	0.305000	1.000000	 0.952054	0.817000	0.950994	0.123000	 0.183000	 1.000000
0.306667	0.306667	1.000000	 0.951792	0.816000	0.950726	0.123000	 0.184000	 1.000000
0.308333	0.308333	1.000000	 0.951530	0.815000	0.950458	0.123000	 0.185000	 1.000000
0.310000	0.310000	1.000000	 0.951268	0.814000	0.950190	0.123000	 0.186000	 1.000000
0.311667	0.311667	1.000000	 0.951006	0.813000	0.949923	0.123000	 0.187000	 1.000000
0.313333	0.313333	1.000000	 0.950744	0.812000	0.949655	0.123000	 0.188000	 1.000000
0.315000	0.315000	1.000000	 0.950482	0.811000	0.949387	0.123000	 0.189000	 1.000000
0.316667	0.316667	1.000000	 0.950220	0.810000	0.949119	0.123000	 0.190000	 1.000000
0.318333	0.318333	1.000000	 0.949958	0.809000	0.948851	0.123000	 0.191000	 1.000000
0.320000	0.320000	1.000000	 0.949696	0.808000	0.948584	0.123000	 0.192000	 1.000000
0.321667	0.321667	1.000000	 0.949434	0.807000	0.948316	0.123000	 0.193000	 1.000000
0.323333	0.323333	1.000000	 0.949172	0.806000	0.948048	0.123000	 0.194000	 1.000000
0.325000	0.325000	1.000000	 0.948910	0.805000	0.947780	0.123000	 0.195000	 1.000000
0.326667	0.326667	1.000000	 0.948648	0.804000	0.947512	0.123000	 0.196000	 1.000000
0.328333	0.328333	1.000000	 0.948386	0.803000	0.947245	0.123000	 0.197000	 1.000000
0.330000	0.330000	1.000000	 0.948124	0.802000	0.946977	0.123000	 0.198000	 1.000000
0.331667	0.331667	1.000000	 0.947862	0.801000	0.946709	0.123000	 0.199000	 1.000000
0.333333	0.333333	1.000000	 0.947600	0.800000	0.946441	0.123000	 0.200000	 1.000000
0.335000	0.335000	1.000000	 0.947338	0.799000	0.946173	0.123000	 0.201000	 1.000000
0.336667	0.336667	1.000000	 0.947076	0.798000	0.945906	0.123000	 0.202000	 1.000000
0.338333	0.338333	1.000000	 0.946814	0.797000	0.945638	0.123000	 0.203000	 1.000000
0.340000	0.340000	1.000000	 0.946552	0.796000	0.945370	0.123000	 0.204000	 1.000000
0.341667	0.341667	1.000000	 0.946290	0.795000	0.945102	0.123000	 0.205000	 1.000000
0.343333	0.343333	1.000000	 0.946028	0.794000	0.944834	0.123000	 0.206000	 1.000000
0.345000	0.345000	1.000000	 0.945766	0.793000	0.944567	0.123000	 0.207000	 1.000000
0.346667	0.346667	1.000000	 0.945504	0.792000	0.944299	0.123000	 0.208000	 1.000000
0.348333	0.348333	1.000000	 0.945242	0.791000	0.944031	0.123000	 0.209000	 1.000000
0.350000	0.350000	1.000000	 0.944980	0.790000	0.943763	0.123000	 0.210000	 1.000000
0.351667	0.351667	1.000000	 0.944718	0.789000	0.943495	0.123000	 0.211000	 1.000000
0.353333	0.353333	1.000000	 0.944456	0.788000	0.943228	0.123000	 0.212000	 1.000000
0.355000	0.355000	1.000000	 0.944194	0.787000	0.942960	0.123000	 0.213000	 1.000000
0.356667	0.356667	1.000000	 0.943932	0.786000	0.942692	0.123000	 0.214000	 1.000000
0.358333	0.358333	1.000000	 0.943670	0.785000	0.942424	0.123000	 0.215000	 1.000000
0.360000	0.360000	1.000000	 0.943408	0.784000	0.942156	0.123000	 0.216000	 1.000000
0.361667	0.361667	1.000000	 0.943146	0.783000	0.941889	0.123000	 0.217000	 1.000000
0.363333	0.363333	1.000000	 0.942884	0.782000	0.941621	0.123000	 0.218000	 1.000000
0.365000	0.365000	1.000000	 0.942622	0.781000	0.941353	0.123000	 0.219000	 1.000000
0.366667	0.366667	1.000000	 0.942360	0.780000	0.941085	0.123000	 0.220000	 1.000000
0.368333	0.368333	1.000000	 0.942098	0.779000	0.940818	0.123000	 0.221000	 1.000000
0.370000	0.370000	1.000000	 0.941836	0.778000	0.940550	0.123000	 0.222000	 1.000000
0.371667	0.371667	1.000000	 0.941574	0.777000	0.940282	0.123000	 0.223000	 1.000000
0.373333	0.373333	1.000000	 0.941312	0.776000	0.940014	0.123000	 0.224000	 1.000000
0.375000	0.375000	1.000000	 0.941050	0.775000	0.939746	0.123000	 0.225000	 1.000000
0.376667	0.376667	1.000000	 0.940788	0.774000	0.939479	0.123000	 0.226000	 1.000000
0.378333	0.378333	1.000000	 0.940526	0.773000	0.939211	0.123000	 0.227000	 1.000000
0.380000	0.380000	1.000000	 0.940264	0.772000	0.938943	0.123000	 0.228000	 1.000000
0.381667	0.381667	1.000000	 0.940002	0.771000	0.938675	0.123000	 0.229000	 1.000000
0.383333	0.383333	1.000000	 0.939740	0.770000	0.938407	0.123000	 0.230000	 1.000000
0.385000	0.385000	1.000000	 0.939478	0.769000	0.938140	0.123000	 0.231000	 1.000000
0.386667	0.386667	1.000000	 0.939216	0.768000	0.937872	0.123000	 0.232000	 1.000000
0.388333	0.388333	1.000000	 0.938954	0.767000	0.937604	0.123000	 0.233000	 1.000000
0.390000	0.390000	1.000000	 0.938692	0.766000	0.937336	0.123000	 0.234000	 1.000000
0.391667	0.391667	1.000000	 0.938430	0.765000	0.937068	0.123000	 0.235000	 1.000000
0.393333	0.393333	1.000000	 0.938168	0.764000	0.936801	0.123000	 0.236000	 1.000000
0.395000	0.395000	1.000000	 0.937906	0.763000	0.936533	0.123000	 0.237000	 1.000000
0.396667	0.396667	1.000000	 0.937644	0.762000	0.936265	0.123000	 0.238000	 1.000000
0.398333	0.398333	1.000000	 0.937382	0.761000	0.935997	0.123000	 0.239000	 1.000000
0.400000	0.400000	1.000000	 0.937120	0.760000	0.935729	0.123000	 0.240000	 1.000000
0.401667	0.401667	1.000000	 0.936858	0.759000	0.935462	0.123000	 0.241000	 1.000000
0.403333	0.403333	1.000000	 0.936596	0.758000	0.935194	0.123000	 0.242000	 1.000000
0.405000	0.405000	1.000000	 0.936334	0.757000	0.934926	0.123000	 0.243000	 1.000000
0.406667	0.406667	1.000000	 0.936072	0.756000	0.934658	0.123000	 0.244000	 1.000000
0.408333	0.408333	1.000000	 0.935810	0.755000	0.934390	0.123000	 0.245000	 1.000000
0.410000	0.410000	1.000000	 0.935548	0.754000	0.934123	0.123000	 0.246000	 1.000000
0.411667	0.411667	1.000000	 0.935286	0.753000	0.933855	0.123000	 0.247000	 1.000000
0.413333	0.413333	1.000000	 0.935024	0.752000	0.933587	0.123000	 0.248000	 1.000000
0.415000	0.415000	1.000000	 0.934762	0.751000	0.933319	0.123000	 0.249000	 1.000000
0.416667	0.416667	1.000000	 0.934500	0.750000	0.933052	0.123000	 0.250000	 1.000000
0.418333	0.418333	1.000000	 0.934238	0.749000	0.932784	0.123000	 0.251000	 1.000000
0.420000	0.420000	1.000000	 0.933976	0.748000	0.932516	0.123000	 0.252000	 1.000000
0.421667	0.421667	1.000000	 0.933714	0.747000	0.932248	0.123000	 0.253000	 1.000000
0.423333	0.423333	1.000000	 0.933452	0.746000	0.931980	0.123000	 0.254000	 1.000000
0.425000	0.425000	1.000000	 0.933190	0.745000	0.931713	0.123000	 0.255000	 1.000000
0.426667	0.426667	1.000000	 0.932928	0.744000	0.931445	0.123000	 0.256000	 1.000000
0.428333	0.428333	1.000000	 0.932666	0.743000	0.931177	0.123000	 0.257000	 1.000000
0.430000	0.430000	1.000000	 0.932404	0.742000	0.930909	0.123000	 0.258000	 1.000000
0.431667	0.431667	1.000000	 0.932142	0.741000	0.930641	0.123000	 0.259000	 1.000000
0.433333	0.433333	1.000000	 0.931880	0.740000	0.930374	0.123000	 0.260000	 1.000000
0.435000	0.435000	1.000000	 0.931618	0.739000	0.930106	0.123000	 0.261000	 1.000000
0.436667	0.436667	1.000000	 0.931356	0.738000	0.929838	0.123000	 0.262000	 1.000000
0.438333	0.438333	1.000000	 0.931094	0.737000	0.929570	0.123000	 0.263000	 1.000000
0.440000	0.440000	1.000000	 0.930832	0.736000	0.929302	0.123000	 0.264000	 1.000000
0.441667	0.441667	1.000000	 0.930570	0.735000	0.929035	0.123000	 0.265000	 1.000000
0.443333	0.443333	1.000000	 0.930308	0.734000	0.928767	0.123000	 0.266000	 1.000000
0.445000	0.445000	1.000000	 0.930046	0.733000	0.928499	0.123000	 0.267000	 1.000000
0.446667	0.446667	1.000000	 0.929784	0.732000	0.928231	0.123000	 0.268000	 1.000000
0.448333	0.448333	1.000000	 0.929522	0.731000	0.927963	0.123000	 0.269000	 1.000000
0.450000	0.450000	1.000000	 0.929260	0.730000	0.927696	0.123000	 0.270000	 1.000000
0.451667	0.451667	1.000000	 0.928998	0.729000	0.927428	0.123000	 0.271000	 1.000000
0.453333	0.453333	1.000000	 0.928736	0.728000	0.927160	0.123000	 0.272000	 1.000000
0.455000	0.455000	1.000000	 0.928474	0.727000	0.926892	0.123000	 0.273000	 1.000000
0.456667	0.456667	1.000000	 0.928212	0.726000	0.926624	0.123000	 0.274000	 1.000000
0.458333	0.458333	1.000000	 0.927950	0.725000	0.926357	0.123000	 0.275000	 1.000000
0.460000	0.460000	1.000000	 0.927688	0.724000	0.926089	0.123000	 0.276000	 1.000000
0.461667	0.461667	1.000000	 0.927426	0.723000	0.925821	0.123000	 0.277000	 1.000000
0.463333	0.463333	1.000000	 0.927164	0.722000	0.925553	0.123000	 0.278000	 1.000000
0.465000	0.465000	1.000000	 0.926902	0.721000	0.925285	0.123000	 0.279000	 1.000000
0.466667	0.466667	1.000000	 0.926640	0.720000	0.925018	0.123000	 0.280000	 1.000000
0.468333	0.468333	1.000000	 0.926378	0.719000	0.924750	0.123000	 0.281000	 1.000000
0.470000	0.470000	1.000000	 0.926116	0.718000	0.924482	0.123000	 0.282000	 1.000000
0.471667	0.471667	1.000000	 0.925854	0.717000	0.924214	0.123000	 0.283000	 1.000000
0.473333	0.473333	1.000000	 0.925592	0.716000	0.923947	0.123000	 0.284000	 1.000000
0.475000	0.475000	1.000000	 0.925330	0.715000	0.923679	0.123000	 0.285000	 1.000000
0.476667	0.476667	1.000000	 0.925068	0.714000	0.923411	0.123000	 0.286000	 1.000000
0.478333	0.478333	1.000000	 0.924806	0.713000	0.923143	0.123000	 0.287000	 1.000000
0.480000	0.480000	1.000000	 0.924544	0.712000	0.922875	0.123000	 0.288000	 1.000000
0.481667	0.481667	1.000000	 0.924282	0.711000	0.922608	0.123000	 0.289000	 1.000000
0.483333	0.483333	1.000000	 0.924020	0.710000	0.922340	0.123000	 0.290000	 1.000000
0.485000	0.485000	1.000000	 0.923758	0.709000	0.922072	0.123000	 0.291000	 1.000000
0.486667	0.486667	1.000000	 0.923496	0.708000	0.921804	0.123000	 0.292000	 1.000000
0.488333	0.488333	1.000000	 0.923234	0.707000	0.921536	0.123000	 0.293000	 1.000000
0.490000	0.490000	1.000000	 0.922972	0.706000	0.921269	0.123000	 0.294000	 1.000000
0.491667	0.491667	1.000000	 0.922710	0.705000	0.921001	0.123000	 0.295000	 1.000000
0.493333	0.493333	1.000000	 0.922448	0.704000	0.920733	0.123000	 0.296000	 1.000000
0.495000	0.495000	1.000000	 0.922186	0.703000	0.920465	0.123000	 0.297000	 1.000000
0.496667	0.496667	1.000000	 0.921924	0.702000	0.920197	0.123000	 0.298000	 1.000000
0.498333	0.498333	1.000000	 0.921662	0.701000	0.919930	0.123000	 0.299000	 1.000000
0.500000	0.500000	1.000000	 0.921400	0.700000	0.919662	0.123000	 0.300000	 1.000000
0.501667	0.501667	1.000000	 0.921138	0.699000	0.919394	0.123000	 0.301000	 1.000000
0.503333	0.503333	1.000000	 0.920876	0.698000	0.919126	0.123000	 0.302000	 1.000000
0.505000	0.505000	1.000000	 0.920614	0.697000	0.918858	0.123000	 0.303000	 1.000000
0.506667	0.506667	1.000000	 0.920352	0.696000	0.918591	0.123000	 0.304000	 1.000000
0.508333	0.508333	1.000000	 0.920090	0.695000	0.918323	0.123000	 0.305000	 1.000000
0.510000	0.510000	1.000000	 0.919828	0.694000	0.918055	0.123000	 0.306000	 1.000000
0.511667	0.511667	1.000000	 0.919566	0.693000	0.917787	0.123000	 0.307000	 1.000000
0.513333	0.513333	1.000000	 0.919304	0.692000	0.917519	0.123000	 0.308000	 1.000000
0.515000	0.515000	1.000000	 0.919042	0.691000	0.917252	0.123000	 0.309000	 1.000000
0.516667	0.516667	1.000000	 0.918780	0.690000	0.916984	0.123000	 0.310000	 1.000000
0.518333	0.518333	1.000000	 0.918518	0.689000	0.916716	0.123000	 0.311000	 1.000000
0.520000	0.520000	1.000000	 0.918256	0.688000	0.916448	0.123000	 0.312000	 1.000000
0.521667	0.521667	1.000000	 0.917994	0.687000	0.916180	0.123000	 0.313000	 1.000000
0.523333	0.523333	1.000000	 0.917732	0.686000	0.915913	0.123000	 0.314000	 1.000000
0.525000	0.525000	1.000000	 0.917470	0.685000	0.915645	0.123000	 0.315000	 1.000000
0.526667	0.526667	1.000000	 0.917208	0.684000	0.915377	0.123000	 0.316000	 1.000000
0.528333	0.528333	1.000000	 0.916946	0.683000	0.915109	0.123000	 0.317000	 1.000000
0.530000	0.530000	1.000000	 0.916684	0.682000	0.914842	0.123000	 0.318000	 1.000000
0.531667	0.531667	1.000000	 0.916422	0.681000	0.914574	0.123000	 0.319000	 1.000000
0.533333	0.533333	1.000000	 0.916160	0.680000	0.914306	0.123000	 0.320000	 1.000000
0.535000	0.535000	1.000000	 0.915898	0.679000	0.914038	0.123000	 0.321000	 1.000000
0.536667	0.536667	1.000000	 0.915636	0.678000	0.913770	0.123000	 0.322000	 1.000000
0.538333	0.538333	1.000000	 0.915374	0.677000	0.913503	0.123000	 0.323000	 1.000000
0.540000	0.540000	1.000000	 0.915112	0.676000	0.913235	0.123000	 0.324000	 1.000000
0.541667	0.541667	1.000000	 0.914850	0.675000	0.912967	0.123000	 0.325000	 1.000000
0.543333	0.543333	1.000000	 0.914588	0.674000	0.912699	0.123000	 0.326000	 1.000000
0.545000	0.545000	1.000000	 0.914326	0.673000	0.912431	0.123000	 0.327000	 1.000000
0.546667	0.546667	1.000000	 0.914064	0.672000	0.912164	0.123000	 0.328000	 1.000000
0.548333	0.548333	1.000000	 0.913802	0.671000	0.911896	0.123000	 0.329000	 1.000000
0.550000	0.550000	1.000000	 0.913540	0.670000	0.911628	0.123000	 0.330000	 1.000000
0.551667	0.551667	1.000000	 0.913278	0.669000	0.911360	0.123000	 0.331000	 1.000000
0.553333	0.553333	1.000000	 0.913016	0.668000	0.911092	0.123000	 0.332000	 1.000000
0.555000	0.555000	1.000000	 0.912754	0.667000	0.910825	0.123000	 0.333000	 1.000000
0.556667	0.556667	1.000000	 0.912492	0.666000	0.910557	0.123000	 0.334000	 1.000000
0.558333	0.558333	1.000000	 0.912230	0.665000	0.910289	0.123000	 0.335000	 1.000000
0.560000	0.560000	1.000000	 0.911968	0.664000	0.910021	0.123000	 0.336000	 1.000000
0.561667	0.561667	1.000000	 0.911706	0.663000	0.909753	0.123000	 0.337000	 1.000000
0.563333	0.563333	1.000000	 0.911444	0.662000	0.909486	0.123000	 0.338000	 1.000000
0.565000	0.565000	1.000000	 0.911182	0.661000	0.909218	0.123000	 0.339000	 1.000000
0.566667	0.566667	1.000000	 0.910920	0.660000	0.908950	0.123000	 0.340000	 1.000000
0.568333	0.568333	1.000000	 0.910658	0.659000	0.908682	0.123000	 0.341000	 1.000000
0.570000	0.570000	1.000000	 0.910396	0.658000	0.908414	0.123000	 0.342000	 1.000000
0.571667	0.571667	1.000000	 0.910134	0.657000	0.908147	0.123000	 0.343000	 1.000000
0.573333	0.573333	1.000000	 0.909872	0.656000	0.907879	0.123000	 0.344000	 1.000000
0.575000	0.575000	1.000000	 0.909610	0.655000	0.907611	0.123000	 0.345000	 1.000000
0.576667	0.576667	1.000000	 0.909348	0.654000	0.907343	0.123000	 0.346000	 1.000000
0.578333	0.578333	1.000000	 0.909086	0.653000	0.907075	0.123000	 0.347000	 1.000000
0.580000	0.580000	1.000000	 0.908824	0.652000	0.906808	0.123000	 0.348000	 1.000000
0.581667	0.581667	1.000000	 0.908562	0.651000	0.906540	0.123000	 0.349000	 1.000000
0.583333	0.583333	1.000000	 0.908300	0.650000	0.906272	0.123000	 0.350000	 1.000000
0.585000	0.585000	1.000000	 0.908038	0.649000	0.906004	0.123000	 0.351000	 1.000000
0.586667	0.586667	1.000000	 0.907776	0.648000	0.905737	0.123000	 0.352000	 1.000000
0.588333	0.588333	1.000000	 0.907514	0.647000	0.905469	0.123000	 0.353000	 1.000000
0.590000	0.590000	1.000000	 0.907252	0.646000	0.905201	0.123000	 0.354000	 1.000000
0.591667	0.591667	1.000000	 0.906990	0.645000	0.904933	0.123000	 0.355000	 1.000000
0.593333	0.593333	1.000000	 0.906728	0.644000	0.904665	0.123000	 0.356000	 1.000000
0.595000	0.595000	1.000000	 0.906466	0.643000	0.904398	0.123000	 0.357000	 1.000000
0.596667	0.596667	1.000000	 0.906204	0.642000	0.904130	0.123000	 0.358000	 1.000000
0.598333	0.598333	1.000000	 0.905942	0.641000	0.903862	0.123000	 0.359000	 1.000000
0.600000	0.600000	1.000000	 0.905680	0.640000	0.903594	0.123000	 0.360000	 1.000000
0.601667	0.601667	1.000000	 0.905418	0.639000	0.903326	0.123000	 0.361000	 1.000000
0.603333	0.603333	1.000000	 0.905156	0.638000	0.903059	0.123000	 0.362000	 1.000000
0.605000	0.605000	1.000000	 0.904894	0.637000	0.902791	0.123000	 0.363000	 1.000000
0.606667	0.606667	1.000000	 0.904632	0.636000	0.902523	0.123000	 0.364000	 1.000000
0.608333	0.608333	1.000000	 0.904370	0.635000	0.902255	0.123000	 0.365000	 1.000000
0.610000	0.610000	1.000000	 0.904108	0.634000	0.901987	0.123000	 0.366000	 1.000000
0.611667	0.611667	1.000000	 0.903846	0.633000	0.901720	0.123000	 0.367000	 1.000000
0.613333	0.613333	1.000000	 0.903584	0.632000	0.901452	0.123000	 0.368000	 1.000000
0.615000	0.615000	1.000000	 0.903322	0.631000	0.901184	0.123000	 0.369000	 1.000000
0.616667	0.616667	1.000000	 0.903060	0.630000	0.900916	0.123000	 0.370000	 1.000000
0.618333	0.618333	1.000000	 0.902798	0.629000	0.900648	0.123000	 0.371000	 1.000000
0.620000	0.620000	1.000000	 0.902536	0.628000	0.900381	0.123000	 0.372000	 1.000000
0.621667	0.621667	1.000000	 0.902274	0.627000	0.900113	0.123000	 0.373000	 1.000000
0.623333	0.623333	1.000000	 0.902012	0.626000	0.899845	0.123000	 0.374000	 1.000000
0.625000	0.625000	1.000000	 0.901750	0.625000	0.899577	0.123000	 0.375000	 1.000000
0.626667	0.626667	1.000000	 0.901488	0.624000	0.899309	0.123000	 0.376000	 1.000000
0.628333	0.628333	1.000000	 0.901226	0.623000	0.899042	0.123000	 0.377000	 1.000000
0.630000	0.630000	1.000000	 0.900964	0.622000	0.898774	0.123000	 0.378000	 1.000000
0.631667	0.631667	1.000000	 0.900702	0.621000	0.898506	0.123000	 0.379000	 1.000000
0.633333	0.633333	1.000000	 0.900440	0.620000	0.898238	0.123000	 0.380000	 1.000000
0.635000	0.635000	1.000000	 0.900178	0.619000	0.897970	0.123000	 0.381000	 1.000000
0.636667	0.636667	1.000000	 0.899916	0.618000	0.897703	0.123000	 0.382000	 1.000000
0.638333	0.638333	1.000000	 0.899654	0.617000	0.897435	0.123000	 0.383000	 1.000000
0.640000	0.640000	1.000000	 0.899392	0.616000	0.897167	0.123000	 0.384000	 1.000000
0.641667	0.641667	1.000000	 0.899130	0.615000	0.896899	0.123000	 0.385000	 1.000000
0.643333	0.643333	1.000000	 0.898868	0.614000	0.896632	0.123000	 0.386000	 1.000000
0.645000	0.645000	1.000000	 0.898606	0.613000	0.896364	0.123000	 0.387000	 1.000000
0.646667	0.646667	1.000000	 0.898344	0.612000	0.896096	0.123000	 0.388000	 1.000000
0.648333	0.648333	1.000000	 0.898082	0.611000	0.895828	0.123000	 0.389000	 1.000000
0.650000	0.650000	1.000000	 0.897820	0.610000	0.895560	0.123000	 0.390000	 1.000000
0.651667	0.651667	1.000000	 0.897558	0.609000	0.895293	0.123000	 0.391000	 1.000000
0.653333	0.653333	1.000000	 0.897296	0.608000	0.895025	0.123000	 0.392000	 1.000000
0.655000	0.655000	1.000000	 0.897034	0.607000	0.894757	0.123000	 0.393000	 1.000000
0.656667	0.656667	1.000000	 0.896772	0.606000	0.894489	0.123000	 0.394000	 1.000000
0.658333	0.658333	1.000000	 0.896510	0.605000	0.894221	0.123000	 0.395000	 1.000000
0.660000	0.660000	1.000000	 0.896248	0.604000	0.893954	0.123000	 0.396000	 1.000000
0.661667	0.661667	1.000000	 0.895986	0.603000	0.893686	0.123000	 0.397000	 1.000000
0.663333	0.663333	1.000000	 0.895724	0.602000	0.893418	0.123000	 0.398000	 1.000000
0.665000	0.665000	1.000000	 0.895462	0.601000	0.893150	0.123000	 0.399000	 1.000000
0.666667	0.666667	1.000000	 0.895200	0.600000	0.892882	0.123000	 0.400000	 1.000000
0.668333	0.668333	1.000000	 0.894938	0.599000	0.892615	0.123000	 0.401000	 1.000000
0.670000	0.670000	1.000000	 0.894676	0.598000	0.892347	0.123000	 0.402000	 1.000000
0.671667	0.671667	1.000000	 0.894414	0.597000	0.892079	0.123000	 0.403000	 1.000000
0.673333	0.673333	1.000000	 0.894152	0.596000	0.891811	0.123000	 0.404000	 1.000000
0.675000	0.675000	1.000000	 0.893890	0.595000	0.891543	0.123000	 0.405000	 1.000000
0.676667	0.676667	1.000000	 0.893628	0.594000	0.891276	0.123000	 0.406000	 1.000000
0.678333	0.678333	1.000000	 0.893366	0.593000	0.891008	0.123000	 0.407000	 1.000000
0.680000	0.680000	1.000000	 0.893104	0.592000	0.890740	0.123000	 0.408000	 1.000000
0.681667	0.681667	1.000000	 0.892842	0.591000	0.890472	0.123000	 0.409000	 1.000000
0.683333	0.683333	1.000000	 0.892580	0.590000	0.890204	0.123000	 0.410000	 1.000000
0.685000	0.685000	1.000000	 0.892318	0.589000	0.889937	0.123000	 0.411000	 1.000000
0.686667	0.686667	1.000000	 0.892056	0.588000	0.889669	0.123000	 0.412000	 1.000000
0.688333	0.688333	1.000000	 0.891794	0.587000	0.889401	0.123000	 0.413000	 1.000000
0.690000	0.690000	1.000000	 0.891532	0.586000	0.889133	0.123000	 0.414000	 1.000000
0.691667	0.691667	1.000000	 0.891270	0.585000	0.888865	0.123000	 0.415000	 1.000000
0.693333	0.693333	1.000000	 0.891008	0.584000	0.888598	0.123000	 0.416000	 1.000000
0.695000	0.695000	1.000000	 0.890746	0.583000	0.888330	0.123000	 0.417000	 1.000000
0.696667	0.696667	1.000000	 0.890484	0.582000	0.888062	0.123000	 0.418000	 1.000000
0.698333	0.698333	1.000000	 0.890222	0.581000	0.887794	0.123000	 0.419000	 1.000000
0.700000	0.700000	1.000000	 0.889960	0.580000	0.887527	0.123000	 0.420000	 1.000000
0.701667	0.701667	1.000000	 0.889698	0.579000	0.887259	0.123000	 0.421000	 1.000000
0.703333	0.703333	1.000000	 0.889436	0.578000	0.886991	0.123000	 0.422000	 1.000000
0.705000	0.705000	1.000000	 0.889174	0.577000	0.886723	0.123000	 0.423000	 1.000000
0.706667	0.706667	1.000000	 0.888912	0.576000	0.886455	0.123000	 0.424000	 1.000000
0.708333	0.708333	1.000000	 0.888650	0.575000	0.886188	0.123000	 0.425000	 1.000000
0.710000	0.710000	1.000000	 0.888388	0.574000	0.885920	0.123000	 0.426000	 1.000000
0.711667	0.711667	1.000000	 0.888126	0.573000	0.885652	0.123000	 0.427000	 1.000000
0.713333	0.713333	1.000000	 0.887864	0.572000	0.885384	0.123000	 0.428000	 1.000000
0.715000	0.715000	1.000000	 0.887602	0.571000	0.885116	0.123000	 0.429000	 1.000000
0.716667	0.716667	1.000000	 0.887340	0.570000	0.884849	0.123000	 0.430000	 1.000000
0.718333	0.718333	1.000000	 0.887078	0.569000	0.884581	0.123000	 0.431000	 1.000000
0.720000	0.720000	1.000000	 0.886816	0.568000	0.884313	0.123000	 0.432000	 1.000000
0.721667	0.721667	1.000000	 0.886554	0.567000	0.884045	0.123000	 0.433000	 1.000000
0.723333	0.723333	1.000000	 0.886292	0.566000	0.883777	0.123000	 0.434000	 1.000000
0.725000	0.725000	1.000000	 0.886030	0.565000	0.883510	0.123000	 0.435000	 1.000000
0.726667	0.726667	1.000000	 0.885768	0.564000	0.883242	0.123000	 0.436000	 1.000000
0.728333	0.728333	1.000000	 0.885506	0.563000	0.882974	0.123000	 0.437000	 1.000000
0.730000	0.730000	1.000000	 0.885244	0.562000	0.882706	0.123000	 0.438000	 1.000000
0.731667	0.731667	1.000000	 0.884982	0.561000	0.882438	0.123000	 0.439000	 1.000000
0.733333	0.733333	1.000000	 0.884720	0.560000	0.882171	0.123000	 0.440000	 1.000000
0.735000	0.735000	1.000000	 0.884458	0.559000	0.881903	0.123000	 0.441000	 1.000000
0.736667	0.736667	1.000000	 0.884196	0.558000	0.881635	0.123000	 0.442000	 1.000000
0.738333	0.738333	1.000000	 0.883934	0.557000	0.881367	0.123000	 0.443000	 1.000000
0.740000	0.740000	1.000000	 0.883672	0.556000	0.881099	0.123000	 0.444000	 1.000000
0.741667	0.741667	1.000000	 0.883410	0.555000	0.880832	0.123000	 0.445000	 1.000000
0.743333	0.743333	1.000000	 0.883148	0.554000	0.880564	0.123000	 0.446000	 1.000000
0.745000	0.745000	1.000000	 0.882886	0.553000	0.880296	0.123000	 0.447000	 1.000000
0.746667	0.746667	1.000000	 0.882624	0.552000	0.880028	0.123000	 0.448000	 1.000000
0.748333	0.748333	1.000000	 0.882362	0.551000	0.879760	0.123000	 0.449000	 1.000000
0.750000	0.750000	1.000000	 0.882100	0.550000	0.879493	0.123000	 0.450000	 1.000000
0.751667	0.751667	1.000000	 0.881838	0.549000	0.879225	0.123000	 0.451000	 1.000000
0.753333	0.753333	1.000000	 0.881576	0.548000	0.878957	0.123000	 0.452000	 1.000000
0.755000	0.755000	1.000000	 0.881314	0.547000	0.878689	0.123000	 0.453000	 1.000000
0.756667	0.756667	1.000000	 0.881052	0.546000	0.878422	0.123000	 0.454000	 1.000000
0.758333	0.758333	1.000000	 0.880790	0.545000	0.878154	0.123000	 0.455000	 1.000000
0.760000	0.760000	1.000000	 0.880528	0.544000	0.877886	0.123000	 0.456000	 1.000000
0.761667	0.761667	1.000000	 0.880266	0.543000	0.877618	0.123000	 0.457000	 1.000000
0.763333	0.763333	1.000000	 0.880004	0.542000	0.877350	0.123000	 0.458000	 1.000000
0.765000	0.765000	1.000000	 0.879742	0.541000	0.877083	0.123000	 0.459000	 1.000000
0.766667	0.766667	1.000000	 0.879480	0.540000	0.876815	0.123000	 0.460000	 1.000000
0.768333	0.768333	1.000000	 0.879218	0.539000	0.876547	0.123000	 0.461000	 1.000000
0.770000	0.770000	1.000000	 0.878956	0.538000	0.876279	0.123000	 0.462000	 1.000000
0.771667	0.771667	1.000000	 0.878694	0.537000	0.876011	0.123000	 0.463000	 1.000000
0.773333	0.773333	1.000000	 0.878432	0.536000	0.875744	0.123000	 0.464000	 1.000000
0.775000	0.775000	1.000000	 0.878170	0.535000	0.875476	0.123000	 0.465000	 1.000000
0.776667	0.776667	1.000000	 0.877908	0.534000	0.875208	0.123000	 0.466000	 1.000000
0.778333	0.778333	1.000000	 0.877646	0.533000	0.874940	0.123000	 0.467000	 1.000000
0.780000	0.780000	1.000000	 0.877384	0.532000	0.874672	0.123000	 0.468000	 1.000000
0.781667	0.781667	1.000000	 0.877122	0.531000	0.874405	0.123000	 0.469000	 1.000000
0.783333	0.783333	1.000000	 0.876860	0.530000	0.874137	0.123000	 0.470000	 1.000000
0.785000	0.785000	1.000000	 0.876598	0.529000	0.873869	0.123000	 0.471000	 1.000000
0.786667	0.786667	1.000000	 0.876336	0.528000	0.873601	0.123000	 0.472000	 1.000000
0.788333	0.788333	1.000000	 0.876074	0.527000	0.873333	0.123000	 0.473000	 1.000000
0.790000	0.790000	1.000000	 0.875812	0.526000	0.873066	0.123000	 0.474000	 1.000000
0.791667	0.791667	1.000000	 0.875550	0.525000	0.872798	0.123000	 0.475000	 1.000000
0.793333	0.793333	1.000000	 0.875288	0.524000	0.872530	0.123000	 0.476000	 1.000000
0.795000	0.795000	1.000000	 0.875026	0.523000	0.872262	0.123000	 0.477000	 1.000000
0.796667	0.796667	1.000000	 0.874764	0.522000	0.871994	0.123000	 0.478000	 1.000000
0.798333	0.798333	1.000000	 0.874502	0.521000	0.871727	0.123000	 0.479000	 1.000000
0.800000	0.800000	1.000000	 0.874240	0.520000	0.871459	0.123000	 0.480000	 1.000000
0.801667	0.801667	1.000000	 0.873978	0.519000	0.871191	0.123000	 0.481000	 1.000000
0.803333	0.803333	1.000000	 0.873716	0.518000	0.870923	0.123000	 0.482000	 1.000000
0.805000	0.805000	1.000000	 0.873454	0.517000	0.870655	0.123000	 0.483000	 1.000000
0.806667	0.806667	1.000000	 0.873192	0.516000	0.870388	0.123000	 0.484000	 1.000000
0.808333	0.808333	1.000000	 0.872930	0.515000	0.870120	0.123000	 0.485000	 1.000000
0.810000	0.810000	1.000000	 0.872668	0.514000	0.869852	0.123000	 0.486000	 1.000000
0.811667	0.811667	1.000000	 0.872406	0.513000	0.869584	0.123000	 0.487000	 1.000000
0.813333	0.813333	1.000000	 0.872144	0.512000	0.869317	0.123000	 0.488000	 1.000000
0.815000	0.815000	1.000000	 0.871882	0.511000	0.869049	0.123000	 0.489000	 1.000000
0.816667	0.816667	1.000000	 0.871620	0.510000	0.868781	0.123000	 0.490000	 1.000000
0.818333	0.818333	1.000000	 0.871358	0.509000	0.868513	0.123000	 0.491000	 1.000000
0.820000	0.820000	1.000000	 0.871096	0.508000	0.868245	0.123000	 0.492000	 1.000000
0.821667	0.821667	1.000000	 0.870834	0.507000	0.867978	0.123000	 0.493000	 1.000000
0.823333	0.823333	1.000000	 0.870572	0.506000	0.867710	0.123000	 0.494000	 1.000000
0.825000	0.825000	1.000000	 0.870310	0.505000	0.867442	0.123000	 0.495000	 1.000000
0.826667	0.826667	1.000000	 0.870048	0.504000	0.867174	0.123000	 0.496000	 1.000000
0.828333	0.828333	1.000000	 0.869786	0.503000	0.866906	0.123000	 0.497000	 1.000000
0.830000	0.830000	1.000000	 0.869524	0.502000	0.866639	0.123000	 0.498000	 1.000000
0.831667	0.831667	1.000000	 0.869262	0.501000	0.866371	0.123000	 0.499000	 1.000000
0.833333	0.833333	1.000000	 0.869000	0.500000	0.866103	0.123000	 0.500000	 1.000000
0.835000	0.835000	1.000000	 0.868738	0.499000	0.865835	0.123000	 0.501000	 1.000000
0.836667	0.836667	1.000000	 0.868476	0.498000	0.865567	0.123000	 0.502000	 1.000000
0.838333	0.838333	1.000000	 0.868214	0.497000	0.865300	0.123000	 0.503000	 1.000000
0.840000	0.840000	1.000000	 0.867952	0.496000	0.865032	0.123000	 0.504000	 1.000000
0.841667	0.841667	1.000000	 0.867690	0.495000	0.864764	0.123000	 0.505000	 1.000000
0.843333	0.843333	1.000000	 0.867428	0.494000	0.864496	0.123000	 0.506000	 1.000000
0.845000	0.845000	1.000000	 0.867166	0.493000	0.864228	0.123000	 0.507000	 1.000000
0.846667	0.846667	1.000000	 0.866904	0.492000	0.863961	0.123000	 0.508000	 1.000000
0.848333	0.848333	1.000000	 0.866642	0.491000	0.863693	0.123000	 0.509000	 1.000000
0.850000	0.850000	1.000000	 0.866380	0.490000	0.863425	0.123000	 0.510000	 1.000000
0.851667	0.851667	1.000000	 0.866118	0.489000	0.863157	0.123000	 0.511000	 1.000000
0.853333	0.853333	1.000000	 0.865856	0.488000	0.862889	0.123000	 0.512000	 1.000000
0.855000	0.855000	1.000000	 0.865594	0.487000	0.862622	0.123000	 0.513000	 1.000000
0.856667	0.856667	1.000000	 0.865332	0.486000	0.862354	0.123000	 0.514000	 1.000000
0.858333	0.858333	1.000000	 0.865070	0.485000	0.862086	0.123000	 0.515000	 1.000000
0.860000	0.860000	1.000000	 0.864808	0.484000	0.861818	0.123000	 0.516000	 1.000000
0.861667	0.861667	1.000000	 0.864546	0.483000	0.861551	0.123000	 0.517000	 1.000000
0.863333	0.863333	1.000000	 0.864284	0.482000	0.861283	0.123000	 0.518000	 1.000000
0.865000	0.865000	1.000000	 0.864022	0.481000	0.861015	0.123000	 0.519000	 1.000000
0.866667	0.866667	1.000000	 0.863760	0.480000	0.860747	0.123000	 0.520000	 1.000000
0.868333	0.868333	1.000000	 0.863498	0.479000	0.860479	0.123000	 0.521000	 1.000000
0.870000	0.870000	1.000000	 0.863236	0.478000	0.860212	0.123000	 0.522000	 1.000000
0.871667	0.871667	1.000000	 0.862974	0.477000	0.859944	0.123000	 0.523000	 1.000000
0.873333	0.873333	1.000000	 0.862712	0.476000	0.859676	0.123000	 0.524000	 1.000000
0.875000	0.875000	1.000000	 0.862450	0.475000	0.859408	0.123000	 0.525000	 1.000000
0.876667	0.876667	1.000000	 0.862188	0.474000	0.859140	0.123000	 0.526000	 1.000000
0.878333	0.878333	1.000000	 0.861926	0.473000	0.858873	0.123000	 0.527000	 1.000000
0.880000	0.880000	1.000000	 0.861664	0.472000	0.858605	0.123000	 0.528000	 1.000000
0.881667	0.881667	1.000000	 0.861402	0.471000	0.858337	0.123000	 0.529000	 1.000000
0.883333	0.883333	1.000000	 0.861140	0.470000	0.858069	0.123000	 0.530000	 1.000000
0.885000	0.885000	1.000000	 0.860878	0.469000	0.857801	0.123000	 0.531000	 1.000000
0.886667	0.886667	1.000000	 0.860616	0.468000	0.857534	0.123000	 0.532000	 1.000000
0.888333	0.888333	1.000000	 0.860354	0.467000	0.857266	0.123000	 0.533000	 1.000000
0.890000	0.890000	1.000000	 0.860092	0.466000	0.856998	0.123000	 0.534000	 1.000000
0.891667	0.891667	1.000000	 0.859830	0.465000	0.856730	0.123000	 0.535000	 1.000000
0.893333	0.893333	1.000000	 0.859568	0.464000	0.856462	0.123000	 0.536000	 1.000000
0.895000	0.895000	1.000000	 0.859306	0.463000	0.856195	0.123000	 0.537000	 1.000000
0.896667	0.896667	1.000000	 0.859044	0.462000	0.855927	0.123000	 0.538000	 1.000000
0.898333	0.898333	1.000000	 0.858782	0.461000	0.855659	0.123000	 0.539000	 1.000000
0.900000	0.900000	1.000000	 0.858520	0.460000	0.855391	0.123000	 0.540000	 1.000000
0.901667	0.901667	1.000000	 0.858258	0.459000	0.855123	0.123000	 0.541000	 1.000000
0.903333	0.903333	1.000000	 0.857996	0.458000	0.854856	0.123000	 0.542000	 1.000000
0.905000	0.905000	1.000000	 0.857734	0.457000	0.854588	0.123000	 0.543000	 1.000000
0.906667	0.906667	1.000000	 0.857472	0.456000	0.854320	0.123000	 0.544000	 1.000000
0.908333	0.908333	1.000000	 0.857210	0.455000	0.854052	0.123000	 0.545000	 1.000000
0.910000	0.910000	1.000000	 0.856948	0.454000	0.853784	0.123000	 0.546000	 1.000000
0.911667	0.911667	1.000000	 0.856686	0.453000	0.853517	0.123000	 0.547000	 1.000000
0.913333	0.913333	1.000000	 0.856424	0.452000	0.853249	0.123000	 0.548000	 1.000000
0.915000	0.915000	1.000000	 0.856162	0.451000	0.852981	0.123000	 0.549000	 1.000000
0.916667	0.916667	1.000000	 0.855900	0.450000	0.852713	0.123000	 0.550000	 1.000000
0.918333	0.918333	1.000000	 0.855638	0.449000	0.852446	0.123000	 0.551000	 1.000000
0.920000	0.920000	1.000000	 0.855376	0.448000	0.852178	0.123000	 0.552000	 1.000000
0.921667	0.921667	1.000000	 0.855114	0.447000	0.851910	0.123000	 0.553000	 1.000000
0.923333	0.923333	1.000000	 0.854852	0.446000	0.851642	0.123000	 0.554000	 1.000000
0.925000	0.925000	1.000000	 0.854590	0.445000	0.851374	0.123000	 0.555000	 1.000000
0.926667	0.926667	1.000000	 0.854328	0.444000	0.851107	0.123000	 0.556000	 1.000000
0.928333	0.928333	1.000000	 0.854066	0.443000	0.850839	0.123000	 0.557000	 1.000000
0.930000	0.930000	1.000000	 0.853804	0.442000	0.850571	0.123000	 0.558000	 1.000000
0.931667	0.931667	1.000000	 0.853542	0.441000	0.850303	0.123000	 0.559000	 1.000000
0.933333	0.933333	1.000000	 0.853280	0.440000	0.850035	0.123000	 0.560000	 1.000000
0.935000	0.935000	1.000000	 0.853018	0.439000	0.849768	0.123000	 0.561000	 1.000000
0.936667	0.936667	1.000000	 0.852756	0.438000	0.849500	0.123000	 0.562000	 1.000000
0.938333	0.938333	1.000000	 0.852494	0.437000	0.849232	0.123000	 0.563000	 1.000000
0.940000	0.940000	1.000000	 0.852232	0.436000	0.848964	0.123000	 0.564000	 1.000000
0.941667	0.941667	1.000000	 0.851970	0.435000	0.848696	0.123000	 0.565000	 1.000000
0.943333	0.943333	1.000000	 0.851708	0.434000	0.848429	0.123000	 0.566000	 1.000000
0.945000	0.945000	1.000000	 0.851446	0.433000	0.848161	0.123000	 0.567000	 1.000000
0.946667	0.946667	1.000000	 0.851184	0.432000	0.847893	0.123000	 0.568000	 1.000000
0.948333	0.948333	1.000000	 0.850922	0.431000	0.847625	0.123000	 0.569000	 1.000000
0.950000	0.950000	1.000000	 0.850660	0.430000	0.847357	0.123000	 0.570000	 1.000000
0.951667	0.951667	1.000000	 0.850398	0.429000	0.847090	0.123000	 0.571000	 1.000000
0.953333	0.953333	1.000000	 0.850136	0.428000	0.846822	0.123000	 0.572000	 1.000000
0.955000	0.955000	1.000000	 0.849874	0.427000	0.846554	0.123000	 0.573000	 1.000000
0.956667	0.956667	1.000000	 0.849612	0.426000	0.846286	0.123000	 0.574000	 1.000000
0.958333	0.958333	1.000000	 0.849350	0.425000	0.846018	0.123000	 0.575000	 1.000000
0.960000	0.960000	1.000000	 0.849088	0.424000	0.845751	0.123000	 0.576000	 1.000000
0.961667	0.961667	1.000000	 0.848826	0.423000	0.845483	0.123000	 0.577000	 1.000000
0.963333	0.963333	1.000000	 0.848564	0.422000	0.845215	0.123000	 0.578000	 1.000000
0.965000	0.965000	1.000000	 0.848302	0.421000	0.844947	0.123000	 0.579000	 1.000000
0.966667	0.966667	1.000000	 0.848040	0.420000	0.844679	0.123000	 0.580000	 1.000000
0.968333	0.968333	1.000000	 0.847778	0.419000	0.844412	0.123000	 0.581000	 1.000000
0.970000	0.970000	1.000000	 0.847516	0.418000	0.844144	0.123000	 0.582000	 1.000000
0.971667	0.971667	1.000000	 0.847254	0.417000	0.843876	0.123000	 0.583000	 1.000000
0.973333	0.973333	1.000000	 0.846992	0.416000	0.843608	0.123000	 0.584000	 1.000000
0.975000	0.975000	1.000000	 0.846730	0.415000	0.843341	0.123000	 0.585000	 1.000000
0.976667	0.976667	1.000000	 0.846468	0.414000	0.843073	0.123000	 0.586000	 1.000000
0.978333	0.978333	1.000000	 0.846206	0.413000	0.842805	0.123000	 0.587000	 1.000000
0.980000	0.980000	1.000000	 0.845944	0.412000	0.842537	0.123000	 0.588000	 1.000000
0.981667	0.981667	1.000000	 0.845682	0.411000	0.842269	0.123000	 0.589000	 1.000000
0.983333	0.983333	1.000000	 0.845420	0.410000	0.842002	0.123000	 0.590000	 1.000000
0.985000	0.985000	1.000000	 0.845158	0.409000	0.841734	0.123000	 0.591000	 1.000000
0.986667	0.986667	1.000000	 0.844896	0.408000	0.841466	0.123000	 0.592000	 1.000000
0.988333	0.988333	1.000000	 0.844634	0.407000	0.841198	0.123000	 0.593000	 1.000000
0.990000	0.990000	1.000000	 0.844372	0.406000	0.840930	0.123000	 0.594000	 1.000000
0.991667	0.991667	1.000000	 0.844110	0.405000	0.840663	0.123000	 0.595000	 1.000000
0.993333	0.993333	1.000000	 0.843848	0.404000	0.840395	0.123000	 0.596000	 1.000000
0.995000	0.995000	1.000000	 0.843586	0.403000	0.840127	0.123000	 0.597000	 1.000000
0.996667	0.996667	1.000000	 0.843324	0.402000	0.839859	0.123000	 0.598000	 1.000000
0.998333	0.998333	1.000000	 0.843062	0.401000	0.839591	0.123000	 0.599000	 1.000000
