#p 		 mp		 R 		 G 		B 		Y 	 h	s	v
0.000000	0.000000	1.000000	 1.000000	1.000000	1.000000	0.369000	 0.000000	 1.000000
0.001667	0.001667	0.999000	 1.000000	0.999214	0.999611	0.369000	 0.001000	 1.000000
0.003333	0.003333	0.998000	 1.000000	0.998428	0.999223	0.369000	 0.002000	 1.000000
0.005000	0.005000	0.997000	 1.000000	0.997642	0.998834	0.369000	 0.003000	 1.000000
0.006667	0.006667	0.996000	 1.000000	0.996856	0.998446	0.369000	 0.004000	 1.000000
0.008333	0.008333	0.995000	 1.000000	0.996070	0.998057	0.369000	 0.005000	 1.000000
0.010000	0.010000	0.994000	 1.000000	0.995284	0.997668	0.369000	 0.006000	 1.000000
0.011667	0.011667	0.993000	 1.000000	0.994498	0.997280	0.369000	 0.007000	 1.000000
0.013333	0.013333	0.992000	 1.000000	0.993712	0.996891	0.369000	 0.008000	 1.000000
0.015000	0.015000	0.991000	 1.000000	0.992926	0.996503	0.369000	 0.009000	 1.000000
0.016667	0.016667	0.990000	 1.000000	0.992140	0.996114	0.369000	 0.010000	 1.000000
0.018333	0.018333	0.989000	 1.000000	0.991354	0.995725	0.369000	 0.011000	 1.000000
0.020000	0.020000	0.988000	 1.000000	0.990568	0.995337	0.369000	 0.012000	 1.000000
0.021667	0.021667	0.987000	 1.000000	0.989782	0.994948	0.369000	 0.013000	 1.000000
0.023333	0.023333	0.986000	 1.000000	0.988996	0.994560	0.369000	 0.014000	 1.000000
0.025000	0.025000	0.985000	 1.000000	0.988210	0.994171	0.369000	 0.015000	 1.000000
0.026667	0.026667	0.984000	 1.000000	0.987424	0.993782	0.369000	 0.016000	 1.000000
0.028333	0.028333	0.983000	 1.000000	0.986638	0.993394	0.369000	 0.017000	 1.000000
0.030000	0.030000	0.982000	 1.000000	0.985852	0.993005	0.369000	 0.018000	 1.000000
0.031667	0.031667	0.981000	 1.000000	0.985066	0.992617	0.369000	 0.019000	 1.000000
0.033333	0.033333	0.980000	 1.000000	0.984280	0.992228	0.369000	 0.020000	 1.000000
0.035000	0.035000	0.979000	 1.000000	0.983494	0.991839	0.369000	 0.021000	 1.000000
0.036667	0.036667	0.978000	 1.000000	0.982708	0.991451	0.369000	 0.022000	 1.000000
0.038333	0.038333	0.977000	 1.000000	0.981922	0.991062	0.369000	 0.023000	 1.000000
0.040000	0.040000	0.976000	 1.000000	0.981136	0.990674	0.369000	 0.024000	 1.000000
0.041667	0.041667	0.975000	 1.000000	0.980350	0.990285	0.369000	 0.025000	 1.000000
0.043333	0.043333	0.974000	 1.000000	0.979564	0.989896	0.369000	 0.026000	 1.000000
0.045000	0.045000	0.973000	 1.000000	0.978778	0.989508	0.369000	 0.027000	 1.000000
0.046667	0.046667	0.972000	 1.000000	0.977992	0.989119	0.369000	 0.028000	 1.000000
0.048333	0.048333	0.971000	 1.000000	0.977206	0.988730	0.369000	 0.029000	 1.000000
0.050000	0.050000	0.970000	 1.000000	0.976420	0.988342	0.369000	 0.030000	 1.000000
0.051667	0.051667	0.969000	 1.000000	0.975634	0.987953	0.369000	 0.031000	 1.000000
0.053333	0.053333	0.968000	 1.000000	0.974848	0.987565	0.369000	 0.032000	 1.000000
0.055000	0.055000	0.967000	 1.000000	0.974062	0.987176	0.369000	 0.033000	 1.000000
0.056667	0.056667	0.966000	 1.000000	0.973276	0.986787	0.369000	 0.034000	 1.000000
0.058333	0.058333	0.965000	 1.000000	0.972490	0.986399	0.369000	 0.035000	 1.000000
0.060000	0.060000	0.964000	 1.000000	0.971704	0.986010	0.369000	 0.036000	 1.000000
0.061667	0.061667	0.963000	 1.000000	0.970918	0.985622	0.369000	 0.037000	 1.000000
0.063333	0.063333	0.962000	 1.000000	0.970132	0.985233	0.369000	 0.038000	 1.000000
0.065000	0.065000	0.961000	 1.000000	0.969346	0.984844	0.369000	 0.039000	 1.000000
0.066667	0.066667	0.960000	 1.000000	0.968560	0.984456	0.369000	 0.040000	 1.000000
0.068333	0.068333	0.959000	 1.000000	0.967774	0.984067	0.369000	 0.041000	 1.000000
0.070000	0.070000	0.958000	 1.000000	0.966988	0.983679	0.369000	 0.042000	 1.000000
0.071667	0.071667	0.957000	 1.000000	0.966202	0.983290	0.369000	 0.043000	 1.000000
0.073333	0.073333	0.956000	 1.000000	0.965416	0.982901	0.369000	 0.044000	 1.000000
0.075000	0.075000	0.955000	 1.000000	0.964630	0.982513	0.369000	 0.045000	 1.000000
0.076667	0.076667	0.954000	 1.000000	0.963844	0.982124	0.369000	 0.046000	 1.000000
0.078333	0.078333	0.953000	 1.000000	0.963058	0.981736	0.369000	 0.047000	 1.000000
0.080000	0.080000	0.952000	 1.000000	0.962272	0.981347	0.369000	 0.048000	 1.000000
0.081667	0.081667	0.951000	 1.000000	0.961486	0.980958	0.369000	 0.049000	 1.000000
0.083333	0.083333	0.950000	 1.000000	0.960700	0.980570	0.369000	 0.050000	 1.000000
0.085000	0.085000	0.949000	 1.000000	0.959914	0.980181	0.369000	 0.051000	 1.000000
0.086667	0.086667	0.948000	 1.000000	0.959128	0.979793	0.369000	 0.052000	 1.000000
0.088333	0.088333	0.947000	 1.000000	0.958342	0.979404	0.369000	 0.053000	 1.000000
0.090000	0.090000	0.946000	 1.000000	0.957556	0.979015	0.369000	 0.054000	 1.000000
0.091667	0.091667	0.945000	 1.000000	0.956770	0.978627	0.369000	 0.055000	 1.000000
0.093333	0.093333	0.944000	 1.000000	0.955984	0.978238	0.369000	 0.056000	 1.000000
0.095000	0.095000	0.943000	 1.000000	0.955198	0.977850	0.369000	 0.057000	 1.000000
0.096667	0.096667	0.942000	 1.000000	0.954412	0.977461	0.369000	 0.058000	 1.000000
0.098333	0.098333	0.941000	 1.000000	0.953626	0.977072	0.369000	 0.059000	 1.000000
0.100000	0.100000	0.940000	 1.000000	0.952840	0.976684	0.369000	 0.060000	 1.000000
0.101667	0.101667	0.939000	 1.000000	0.952054	0.976295	0.369000	 0.061000	 1.000000
0.103333	0.103333	0.938000	 1.000000	0.951268	0.975907	0.369000	 0.062000	 1.000000
0.105000	0.105000	0.937000	 1.000000	0.950482	0.975518	0.369000	 0.063000	 1.000000
0.106667	0.106667	0.936000	 1.000000	0.949696	0.975129	0.369000	 0.064000	 1.000000
0.108333	0.108333	0.935000	 1.000000	0.948910	0.974741	0.369000	 0.065000	 1.000000
0.110000	0.110000	0.934000	 1.000000	0.948124	0.974352	0.369000	 0.066000	 1.000000
0.111667	0.111667	0.933000	 1.000000	0.947338	0.973964	0.369000	 0.067000	 1.000000
0.113333	0.113333	0.932000	 1.000000	0.946552	0.973575	0.369000	 0.068000	 1.000000
0.115000	0.115000	0.931000	 1.000000	0.945766	0.973186	0.369000	 0.069000	 1.000000
0.116667	0.116667	0.930000	 1.000000	0.944980	0.972798	0.369000	 0.070000	 1.000000
0.118333	0.118333	0.929000	 1.000000	0.944194	0.972409	0.369000	 0.071000	 1.000000
0.120000	0.120000	0.928000	 1.000000	0.943408	0.972021	0.369000	 0.072000	 1.000000
0.121667	0.121667	0.927000	 1.000000	0.942622	0.971632	0.369000	 0.073000	 1.000000
0.123333	0.123333	0.926000	 1.000000	0.941836	0.971243	0.369000	 0.074000	 1.000000
0.125000	0.125000	0.925000	 1.000000	0.941050	0.970855	0.369000	 0.075000	 1.000000
0.126667	0.126667	0.924000	 1.000000	0.940264	0.970466	0.369000	 0.076000	 1.000000
0.128333	0.128333	0.923000	 1.000000	0.939478	0.970077	0.369000	 0.077000	 1.000000
0.130000	0.130000	0.922000	 1.000000	0.938692	0.969689	0.369000	 0.078000	 1.000000
0.131667	0.131667	0.921000	 1.000000	0.937906	0.969300	0.369000	 0.079000	 1.000000
0.133333	0.133333	0.920000	 1.000000	0.937120	0.968912	0.369000	 0.080000	 1.000000
0.135000	0.135000	0.919000	 1.000000	0.936334	0.968523	0.369000	 0.081000	 1.000000
0.136667	0.136667	0.918000	 1.000000	0.935548	0.968134	0.369000	 0.082000	 1.000000
0.138333	0.138333	0.917000	 1.000000	0.934762	0.967746	0.369000	 0.083000	 1.000000
0.140000	0.140000	0.916000	 1.000000	0.933976	0.967357	0.369000	 0.084000	 1.000000
0.141667	0.141667	0.915000	 1.000000	0.933190	0.966969	0.369000	 0.085000	 1.000000
0.143333	0.143333	0.914000	 1.000000	0.932404	0.966580	0.369000	 0.086000	 1.000000
0.145000	0.145000	0.913000	 1.000000	0.931618	0.966191	0.369000	 0.087000	 1.000000
0.146667	0.146667	0.912000	 1.000000	0.930832	0.965803	0.369000	 0.088000	 1.000000
0.148333	0.148333	0.911000	 1.000000	0.930046	0.965414	0.369000	 0.089000	 1.000000
0.150000	0.150000	0.910000	 1.000000	0.929260	0.965026	0.369000	 0.090000	 1.000000
0.151667	0.151667	0.909000	 1.000000	0.928474	0.964637	0.369000	 0.091000	 1.000000
0.153333	0.153333	0.908000	 1.000000	0.927688	0.964248	0.369000	 0.092000	 1.000000
0.155000	0.155000	0.907000	 1.000000	0.926902	0.963860	0.369000	 0.093000	 1.000000
0.156667	0.156667	0.906000	 1.000000	0.926116	0.963471	0.369000	 0.094000	 1.000000
0.158333	0.158333	0.905000	 1.000000	0.925330	0.963083	0.369000	 0.095000	 1.000000
0.160000	0.160000	0.904000	 1.000000	0.924544	0.962694	0.369000	 0.096000	 1.000000
0.161667	0.161667	0.903000	 1.000000	0.923758	0.962305	0.369000	 0.097000	 1.000000
0.163333	0.163333	0.902000	 1.000000	0.922972	0.961917	0.369000	 0.098000	 1.000000
0.165000	0.165000	0.901000	 1.000000	0.922186	0.961528	0.369000	 0.099000	 1.000000
0.166667	0.166667	0.900000	 1.000000	0.921400	0.961140	0.369000	 0.100000	 1.000000
0.168333	0.168333	0.899000	 1.000000	0.920614	0.960751	0.369000	 0.101000	 1.000000
0.170000	0.170000	0.898000	 1.000000	0.919828	0.960362	0.369000	 0.102000	 1.000000
0.171667	0.171667	0.897000	 1.000000	0.919042	0.959974	0.369000	 0.103000	 1.000000
0.173333	0.173333	0.896000	 1.000000	0.918256	0.959585	0.369000	 0.104000	 1.000000
0.175000	0.175000	0.895000	 1.000000	0.917470	0.959197	0.369000	 0.105000	 1.000000
0.176667	0.176667	0.894000	 1.000000	0.916684	0.958808	0.369000	 0.106000	 1.000000
0.178333	0.178333	0.893000	 1.000000	0.915898	0.958419	0.369000	 0.107000	 1.000000
0.180000	0.180000	0.892000	 1.000000	0.915112	0.958031	0.369000	 0.108000	 1.000000
0.181667	0.181667	0.891000	 1.000000	0.914326	0.957642	0.369000	 0.109000	 1.000000
0.183333	0.183333	0.890000	 1.000000	0.913540	0.957254	0.369000	 0.110000	 1.000000
0.185000	0.185000	0.889000	 1.000000	0.912754	0.956865	0.369000	 0.111000	 1.000000
0.186667	0.186667	0.888000	 1.000000	0.911968	0.956476	0.369000	 0.112000	 1.000000
0.188333	0.188333	0.887000	 1.000000	0.911182	0.956088	0.369000	 0.113000	 1.000000
0.190000	0.190000	0.886000	 1.000000	0.910396	0.955699	0.369000	 0.114000	 1.000000
0.191667	0.191667	0.885000	 1.000000	0.909610	0.955311	0.369000	 0.115000	 1.000000
0.193333	0.193333	0.884000	 1.000000	0.908824	0.954922	0.369000	 0.116000	 1.000000
0.195000	0.195000	0.883000	 1.000000	0.908038	0.954533	0.369000	 0.117000	 1.000000
0.196667	0.196667	0.882000	 1.000000	0.907252	0.954145	0.369000	 0.118000	 1.000000
0.198333	0.198333	0.881000	 1.000000	0.906466	0.953756	0.369000	 0.119000	 1.000000
0.200000	0.200000	0.880000	 1.000000	0.905680	0.953368	0.369000	 0.120000	 1.000000
0.201667	0.201667	0.879000	 1.000000	0.904894	0.952979	0.369000	 0.121000	 1.000000
0.203333	0.203333	0.878000	 1.000000	0.904108	0.952590	0.369000	 0.122000	 1.000000
0.205000	0.205000	0.877000	 1.000000	0.903322	0.952202	0.369000	 0.123000	 1.000000
0.206667	0.206667	0.876000	 1.000000	0.902536	0.951813	0.369000	 0.124000	 1.000000
0.208333	0.208333	0.875000	 1.000000	0.901750	0.951425	0.369000	 0.125000	 1.000000
0.210000	0.210000	0.874000	 1.000000	0.900964	0.951036	0.369000	 0.126000	 1.000000
0.211667	0.211667	0.873000	 1.000000	0.900178	0.950647	0.369000	 0.127000	 1.000000
0.213333	0.213333	0.872000	 1.000000	0.899392	0.950259	0.369000	 0.128000	 1.000000
0.215000	0.215000	0.871000	 1.000000	0.898606	0.949870	0.369000	 0.129000	 1.000000
0.216667	0.216667	0.870000	 1.000000	0.897820	0.949481	0.369000	 0.130000	 1.000000
0.218333	0.218333	0.869000	 1.000000	0.897034	0.949093	0.369000	 0.131000	 1.000000
0.220000	0.220000	0.868000	 1.000000	0.896248	0.948704	0.369000	 0.132000	 1.000000
0.221667	0.221667	0.867000	 1.000000	0.895462	0.948316	0.369000	 0.133000	 1.000000
0.223333	0.223333	0.866000	 1.000000	0.894676	0.947927	0.369000	 0.134000	 1.000000
0.225000	0.225000	0.865000	 1.000000	0.893890	0.947538	0.369000	 0.135000	 1.000000
0.226667	0.226667	0.864000	 1.000000	0.893104	0.947150	0.369000	 0.136000	 1.000000
0.228333	0.228333	0.863000	 1.000000	0.892318	0.946761	0.369000	 0.137000	 1.000000
0.230000	0.230000	0.862000	 1.000000	0.891532	0.946373	0.369000	 0.138000	 1.000000
0.231667	0.231667	0.861000	 1.000000	0.890746	0.945984	0.369000	 0.139000	 1.000000
0.233333	0.233333	0.860000	 1.000000	0.889960	0.945595	0.369000	 0.140000	 1.000000
0.235000	0.235000	0.859000	 1.000000	0.889174	0.945207	0.369000	 0.141000	 1.000000
0.236667	0.236667	0.858000	 1.000000	0.888388	0.944818	0.369000	 0.142000	 1.000000
0.238333	0.238333	0.857000	 1.000000	0.887602	0.944430	0.369000	 0.143000	 1.000000
0.240000	0.240000	0.856000	 1.000000	0.886816	0.944041	0.369000	 0.144000	 1.000000
0.241667	0.241667	0.855000	 1.000000	0.886030	0.943652	0.369000	 0.145000	 1.000000
0.243333	0.243333	0.854000	 1.000000	0.885244	0.943264	0.369000	 0.146000	 1.000000
0.245000	0.245000	0.853000	 1.000000	0.884458	0.942875	0.369000	 0.147000	 1.000000
0.246667	0.246667	0.852000	 1.000000	0.883672	0.942487	0.369000	 0.148000	 1.000000
0.248333	0.248333	0.851000	 1.000000	0.882886	0.942098	0.369000	 0.149000	 1.000000
0.250000	0.250000	0.850000	 1.000000	0.882100	0.941709	0.369000	 0.150000	 1.000000
0.251667	0.251667	0.849000	 1.000000	0.881314	0.941321	0.369000	 0.151000	 1.000000
0.253333	0.253333	0.848000	 1.000000	0.880528	0.940932	0.369000	 0.152000	 1.000000
0.255000	0.255000	0.847000	 1.000000	0.879742	0.940544	0.369000	 0.153000	 1.000000
0.256667	0.256667	0.846000	 1.000000	0.878956	0.940155	0.369000	 0.154000	 1.000000
0.258333	0.258333	0.845000	 1.000000	0.878170	0.939766	0.369000	 0.155000	 1.000000
0.260000	0.260000	0.844000	 1.000000	0.877384	0.939378	0.369000	 0.156000	 1.000000
0.261667	0.261667	0.843000	 1.000000	0.876598	0.938989	0.369000	 0.157000	 1.000000
0.263333	0.263333	0.842000	 1.000000	0.875812	0.938601	0.369000	 0.158000	 1.000000
0.265000	0.265000	0.841000	 1.000000	0.875026	0.938212	0.369000	 0.159000	 1.000000
0.266667	0.266667	0.840000	 1.000000	0.874240	0.937823	0.369000	 0.160000	 1.000000
0.268333	0.268333	0.839000	 1.000000	0.873454	0.937435	0.369000	 0.161000	 1.000000
0.270000	0.270000	0.838000	 1.000000	0.872668	0.937046	0.369000	 0.162000	 1.000000
0.271667	0.271667	0.837000	 1.000000	0.871882	0.936658	0.369000	 0.163000	 1.000000
0.273333	0.273333	0.836000	 1.000000	0.871096	0.936269	0.369000	 0.164000	 1.000000
0.275000	0.275000	0.835000	 1.000000	0.870310	0.935880	0.369000	 0.165000	 1.000000
0.276667	0.276667	0.834000	 1.000000	0.869524	0.935492	0.369000	 0.166000	 1.000000
0.278333	0.278333	0.833000	 1.000000	0.868738	0.935103	0.369000	 0.167000	 1.000000
0.280000	0.280000	0.832000	 1.000000	0.867952	0.934715	0.369000	 0.168000	 1.000000
0.281667	0.281667	0.831000	 1.000000	0.867166	0.934326	0.369000	 0.169000	 1.000000
0.283333	0.283333	0.830000	 1.000000	0.866380	0.933937	0.369000	 0.170000	 1.000000
0.285000	0.285000	0.829000	 1.000000	0.865594	0.933549	0.369000	 0.171000	 1.000000
0.286667	0.286667	0.828000	 1.000000	0.864808	0.933160	0.369000	 0.172000	 1.000000
0.288333	0.288333	0.827000	 1.000000	0.864022	0.932772	0.369000	 0.173000	 1.000000
0.290000	0.290000	0.826000	 1.000000	0.863236	0.932383	0.369000	 0.174000	 1.000000
0.291667	0.291667	0.825000	 1.000000	0.862450	0.931994	0.369000	 0.175000	 1.000000
0.293333	0.293333	0.824000	 1.000000	0.861664	0.931606	0.369000	 0.176000	 1.000000
0.295000	0.295000	0.823000	 1.000000	0.860878	0.931217	0.369000	 0.177000	 1.000000
0.296667	0.296667	0.822000	 1.000000	0.860092	0.930828	0.369000	 0.178000	 1.000000
0.298333	0.298333	0.821000	 1.000000	0.859306	0.930440	0.369000	 0.179000	 1.000000
0.300000	0.300000	0.820000	 1.000000	0.858520	0.930051	0.369000	 0.180000	 1.000000
0.301667	0.301667	0.819000	 1.000000	0.857734	0.929663	0.369000	 0.181000	 1.000000
0.303333	0.303333	0.818000	 1.000000	0.856948	0.929274	0.369000	 0.182000	 1.000000
0.305000	0.305000	0.817000	 1.000000	0.856162	0.928885	0.369000	 0.183000	 1.000000
0.306667	0.306667	0.816000	 1.000000	0.855376	0.928497	0.369000	 0.184000	 1.000000
0.308333	0.308333	0.815000	 1.000000	0.854590	0.928108	0.369000	 0.185000	 1.000000
0.310000	0.310000	0.814000	 1.000000	0.853804	0.927720	0.369000	 0.186000	 1.000000
0.311667	0.311667	0.813000	 1.000000	0.853018	0.927331	0.369000	 0.187000	 1.000000
0.313333	0.313333	0.812000	 1.000000	0.852232	0.926942	0.369000	 0.188000	 1.000000
0.315000	0.315000	0.811000	 1.000000	0.851446	0.926554	0.369000	 0.189000	 1.000000
0.316667	0.316667	0.810000	 1.000000	0.850660	0.926165	0.369000	 0.190000	 1.000000
0.318333	0.318333	0.809000	 1.000000	0.849874	0.925777	0.369000	 0.191000	 1.000000
0.320000	0.320000	0.808000	 1.000000	0.849088	0.925388	0.369000	 0.192000	 1.000000
0.321667	0.321667	0.807000	 1.000000	0.848302	0.924999	0.369000	 0.193000	 1.000000
0.323333	0.323333	0.806000	 1.000000	0.847516	0.924611	0.369000	 0.194000	 1.000000
0.325000	0.325000	0.805000	 1.000000	0.846730	0.924222	0.369000	 0.195000	 1.000000
0.326667	0.326667	0.804000	 1.000000	0.845944	0.923834	0.369000	 0.196000	 1.000000
0.328333	0.328333	0.803000	 1.000000	0.845158	0.923445	0.369000	 0.197000	 1.000000
0.330000	0.330000	0.802000	 1.000000	0.844372	0.923056	0.369000	 0.198000	 1.000000
0.331667	0.331667	0.801000	 1.000000	0.843586	0.922668	0.369000	 0.199000	 1.000000
0.333333	0.333333	0.800000	 1.000000	0.842800	0.922279	0.369000	 0.200000	 1.000000
0.335000	0.335000	0.799000	 1.000000	0.842014	0.921891	0.369000	 0.201000	 1.000000
0.336667	0.336667	0.798000	 1.000000	0.841228	0.921502	0.369000	 0.202000	 1.000000
0.338333	0.338333	0.797000	 1.000000	0.840442	0.921113	0.369000	 0.203000	 1.000000
0.340000	0.340000	0.796000	 1.000000	0.839656	0.920725	0.369000	 0.204000	 1.000000
0.341667	0.341667	0.795000	 1.000000	0.838870	0.920336	0.369000	 0.205000	 1.000000
0.343333	0.343333	0.794000	 1.000000	0.838084	0.919948	0.369000	 0.206000	 1.000000
0.345000	0.345000	0.793000	 1.000000	0.837298	0.919559	0.369000	 0.207000	 1.000000
0.346667	0.346667	0.792000	 1.000000	0.836512	0.919170	0.369000	 0.208000	 1.000000
0.348333	0.348333	0.791000	 1.000000	0.835726	0.918782	0.369000	 0.209000	 1.000000
0.350000	0.350000	0.790000	 1.000000	0.834940	0.918393	0.369000	 0.210000	 1.000000
0.351667	0.351667	0.789000	 1.000000	0.834154	0.918005	0.369000	 0.211000	 1.000000
0.353333	0.353333	0.788000	 1.000000	0.833368	0.917616	0.369000	 0.212000	 1.000000
0.355000	0.355000	0.787000	 1.000000	0.832582	0.917227	0.369000	 0.213000	 1.000000
0.356667	0.356667	0.786000	 1.000000	0.831796	0.916839	0.369000	 0.214000	 1.000000
0.358333	0.358333	0.785000	 1.000000	0.831010	0.916450	0.369000	 0.215000	 1.000000
0.360000	0.360000	0.784000	 1.000000	0.830224	0.916062	0.369000	 0.216000	 1.000000
0.361667	0.361667	0.783000	 1.000000	0.829438	0.915673	0.369000	 0.217000	 1.000000
0.363333	0.363333	0.782000	 1.000000	0.828652	0.915284	0.369000	 0.218000	 1.000000
0.365000	0.365000	0.781000	 1.000000	0.827866	0.914896	0.369000	 0.219000	 1.000000
0.366667	0.366667	0.780000	 1.000000	0.827080	0.914507	0.369000	 0.220000	 1.000000
0.368333	0.368333	0.779000	 1.000000	0.826294	0.914119	0.369000	 0.221000	 1.000000
0.370000	0.370000	0.778000	 1.000000	0.825508	0.913730	0.369000	 0.222000	 1.000000
0.371667	0.371667	0.777000	 1.000000	0.824722	0.913341	0.369000	 0.223000	 1.000000
0.373333	0.373333	0.776000	 1.000000	0.823936	0.912953	0.369000	 0.224000	 1.000000
0.375000	0.375000	0.775000	 1.000000	0.823150	0.912564	0.369000	 0.225000	 1.000000
0.376667	0.376667	0.774000	 1.000000	0.822364	0.912175	0.369000	 0.226000	 1.000000
0.378333	0.378333	0.773000	 1.000000	0.821578	0.911787	0.369000	 0.227000	 1.000000
0.380000	0.380000	0.772000	 1.000000	0.820792	0.911398	0.369000	 0.228000	 1.000000
0.381667	0.381667	0.771000	 1.000000	0.820006	0.911010	0.369000	 0.229000	 1.000000
0.383333	0.383333	0.770000	 1.000000	0.819220	0.910621	0.369000	 0.230000	 1.000000
0.385000	0.385000	0.769000	 1.000000	0.818434	0.910232	0.369000	 0.231000	 1.000000
0.386667	0.386667	0.768000	 1.000000	0.817648	0.909844	0.369000	 0.232000	 1.000000
0.388333	0.388333	0.767000	 1.000000	0.816862	0.909455	0.369000	 0.233000	 1.000000
0.390000	0.390000	0.766000	 1.000000	0.816076	0.909067	0.369000	 0.234000	 1.000000
0.391667	0.391667	0.765000	 1.000000	0.815290	0.908678	0.369000	 0.235000	 1.000000
0.393333	0.393333	0.764000	 1.000000	0.814504	0.908289	0.369000	 0.236000	 1.000000
0.395000	0.395000	0.763000	 1.000000	0.813718	0.907901	0.369000	 0.237000	 1.000000
0.396667	0.396667	0.762000	 1.000000	0.812932	0.907512	0.369000	 0.238000	 1.000000
0.398333	0.398333	0.761000	 1.000000	0.812146	0.907124	0.369000	 0.239000	 1.000000
0.400000	0.400000	0.760000	 1.000000	0.811360	0.906735	0.369000	 0.240000	 1.000000
0.401667	0.401667	0.759000	 1.000000	0.810574	0.906346	0.369000	 0.241000	 1.000000
0.403333	0.403333	0.758000	 1.000000	0.809788	0.905958	0.369000	 0.242000	 1.000000
0.405000	0.405000	0.757000	 1.000000	0.809002	0.905569	0.369000	 0.243000	 1.000000
0.406667	0.406667	0.756000	 1.000000	0.808216	0.905181	0.369000	 0.244000	 1.000000
0.408333	0.408333	0.755000	 1.000000	0.807430	0.904792	0.369000	 0.245000	 1.000000
0.410000	0.410000	0.754000	 1.000000	0.806644	0.904403	0.369000	 0.246000	 1.000000
0.411667	0.411667	0.753000	 1.000000	0.805858	0.904015	0.369000	 0.247000	 1.000000
0.413333	0.413333	0.752000	 1.000000	0.805072	0.903626	0.369000	 0.248000	 1.000000
0.415000	0.415000	0.751000	 1.000000	0.804286	0.903238	0.369000	 0.249000	 1.000000
0.416667	0.416667	0.750000	 1.000000	0.803500	0.902849	0.369000	 0.250000	 1.000000
0.418333	0.418333	0.749000	 1.000000	0.802714	0.902460	0.369000	 0.251000	 1.000000
0.420000	0.420000	0.748000	 1.000000	0.801928	0.902072	0.369000	 0.252000	 1.000000
0.421667	0.421667	0.747000	 1.000000	0.801142	0.901683	0.369000	 0.253000	 1.000000
0.423333	0.423333	0.746000	 1.000000	0.800356	0.901295	0.369000	 0.254000	 1.000000
0.425000	0.425000	0.745000	 1.000000	0.799570	0.900906	0.369000	 0.255000	 1.000000
0.426667	0.426667	0.744000	 1.000000	0.798784	0.900517	0.369000	 0.256000	 1.000000
0.428333	0.428333	0.743000	 1.000000	0.797998	0.900129	0.369000	 0.257000	 1.000000
0.430000	0.430000	0.742000	 1.000000	0.797212	0.899740	0.369000	 0.258000	 1.000000
0.431667	0.431667	0.741000	 1.000000	0.796426	0.899352	0.369000	 0.259000	 1.000000
0.433333	0.433333	0.740000	 1.000000	0.795640	0.898963	0.369000	 0.260000	 1.000000
0.435000	0.435000	0.739000	 1.000000	0.794854	0.898574	0.369000	 0.261000	 1.000000
0.436667	0.436667	0.738000	 1.000000	0.794068	0.898186	0.369000	 0.262000	 1.000000
0.438333	0.438333	0.737000	 1.000000	0.793282	0.897797	0.369000	 0.263000	 1.000000
0.440000	0.440000	0.736000	 1.000000	0.792496	0.897409	0.369000	 0.264000	 1.000000
0.441667	0.441667	0.735000	 1.000000	0.791710	0.897020	0.369000	 0.265000	 1.000000
0.443333	0.443333	0.734000	 1.000000	0.790924	0.896631	0.369000	 0.266000	 1.000000
0.445000	0.445000	0.733000	 1.000000	0.790138	0.896243	0.369000	 0.267000	 1.000000
0.446667	0.446667	0.732000	 1.000000	0.789352	0.895854	0.369000	 0.268000	 1.000000
0.448333	0.448333	0.731000	 1.000000	0.788566	0.895466	0.369000	 0.269000	 1.000000
0.450000	0.450000	0.730000	 1.000000	0.787780	0.895077	0.369000	 0.270000	 1.000000
0.451667	0.451667	0.729000	 1.000000	0.786994	0.894688	0.369000	 0.271000	 1.000000
0.453333	0.453333	0.728000	 1.000000	0.786208	0.894300	0.369000	 0.272000	 1.000000
0.455000	0.455000	0.727000	 1.000000	0.785422	0.893911	0.369000	 0.273000	 1.000000
0.456667	0.456667	0.726000	 1.000000	0.784636	0.893523	0.369000	 0.274000	 1.000000
0.458333	0.458333	0.725000	 1.000000	0.783850	0.893134	0.369000	 0.275000	 1.000000
0.460000	0.460000	0.724000	 1.000000	0.783064	0.892745	0.369000	 0.276000	 1.000000
0.461667	0.461667	0.723000	 1.000000	0.782278	0.892357	0.369000	 0.277000	 1.000000
0.463333	0.463333	0.722000	 1.000000	0.781492	0.891968	0.369000	 0.278000	 1.000000
0.465000	0.465000	0.721000	 1.000000	0.780706	0.891579	0.369000	 0.279000	 1.000000
0.466667	0.466667	0.720000	 1.000000	0.779920	0.891191	0.369000	 0.280000	 1.000000
0.468333	0.468333	0.719000	 1.000000	0.779134	0.890802	0.369000	 0.281000	 1.000000
0.470000	0.470000	0.718000	 1.000000	0.778348	0.890414	0.369000	 0.282000	 1.000000
0.471667	0.471667	0.717000	 1.000000	0.777562	0.890025	0.369000	 0.283000	 1.000000
0.473333	0.473333	0.716000	 1.000000	0.776776	0.889636	0.369000	 0.284000	 1.000000
0.475000	0.475000	0.715000	 1.000000	0.775990	0.889248	0.369000	 0.285000	 1.000000
0.476667	0.476667	0.714000	 1.000000	0.775204	0.888859	0.369000	 0.286000	 1.000000
0.478333	0.478333	0.713000	 1.000000	0.774418	0.888471	0.369000	 0.287000	 1.000000
0.480000	0.480000	0.712000	 1.000000	0.773632	0.888082	0.369000	 0.288000	 1.000000
0.481667	0.481667	0.711000	 1.000000	0.772846	0.887693	0.369000	 0.289000	 1.000000
0.483333	0.483333	0.710000	 1.000000	0.772060	0.887305	0.369000	 0.290000	 1.000000
0.485000	0.485000	0.709000	 1.000000	0.771274	0.886916	0.369000	 0.291000	 1.000000
0.486667	0.486667	0.708000	 1.000000	0.770488	0.886528	0.369000	 0.292000	 1.000000
0.488333	0.488333	0.707000	 1.000000	0.769702	0.886139	0.369000	 0.293000	 1.000000
0.490000	0.490000	0.706000	 1.000000	0.768916	0.885750	0.369000	 0.294000	 1.000000
0.491667	0.491667	0.705000	 1.000000	0.768130	0.885362	0.369000	 0.295000	 1.000000
0.493333	0.493333	0.704000	 1.000000	0.767344	0.884973	0.369000	 0.296000	 1.000000
0.495000	0.495000	0.703000	 1.000000	0.766558	0.884585	0.369000	 0.297000	 1.000000
0.496667	0.496667	0.702000	 1.000000	0.765772	0.884196	0.369000	 0.298000	 1.000000
0.498333	0.498333	0.701000	 1.000000	0.764986	0.883807	0.369000	 0.299000	 1.000000
0.500000	0.500000	0.700000	 1.000000	0.764200	0.883419	0.369000	 0.300000	 1.000000
0.501667	0.501667	0.699000	 1.000000	0.763414	0.883030	0.369000	 0.301000	 1.000000
0.503333	0.503333	0.698000	 1.000000	0.762628	0.882642	0.369000	 0.302000	 1.000000
0.505000	0.505000	0.697000	 1.000000	0.761842	0.882253	0.369000	 0.303000	 1.000000
0.506667	0.506667	0.696000	 1.000000	0.761056	0.881864	0.369000	 0.304000	 1.000000
0.508333	0.508333	0.695000	 1.000000	0.760270	0.881476	0.369000	 0.305000	 1.000000
0.510000	0.510000	0.694000	 1.000000	0.759484	0.881087	0.369000	 0.306000	 1.000000
0.511667	0.511667	0.693000	 1.000000	0.758698	0.880699	0.369000	 0.307000	 1.000000
0.513333	0.513333	0.692000	 1.000000	0.757912	0.880310	0.369000	 0.308000	 1.000000
0.515000	0.515000	0.691000	 1.000000	0.757126	0.879921	0.369000	 0.309000	 1.000000
0.516667	0.516667	0.690000	 1.000000	0.756340	0.879533	0.369000	 0.310000	 1.000000
0.518333	0.518333	0.689000	 1.000000	0.755554	0.879144	0.369000	 0.311000	 1.000000
0.520000	0.520000	0.688000	 1.000000	0.754768	0.878756	0.369000	 0.312000	 1.000000
0.521667	0.521667	0.687000	 1.000000	0.753982	0.878367	0.369000	 0.313000	 1.000000
0.523333	0.523333	0.686000	 1.000000	0.753196	0.877978	0.369000	 0.314000	 1.000000
0.525000	0.525000	0.685000	 1.000000	0.752410	0.877590	0.369000	 0.315000	 1.000000
0.526667	0.526667	0.684000	 1.000000	0.751624	0.877201	0.369000	 0.316000	 1.000000
0.528333	0.528333	0.683000	 1.000000	0.750838	0.876813	0.369000	 0.317000	 1.000000
0.530000	0.530000	0.682000	 1.000000	0.750052	0.876424	0.369000	 0.318000	 1.000000
0.531667	0.531667	0.681000	 1.000000	0.749266	0.876035	0.369000	 0.319000	 1.000000
0.533333	0.533333	0.680000	 1.000000	0.748480	0.875647	0.369000	 0.320000	 1.000000
0.535000	0.535000	0.679000	 1.000000	0.747694	0.875258	0.369000	 0.321000	 1.000000
0.536667	0.536667	0.678000	 1.000000	0.746908	0.874870	0.369000	 0.322000	 1.000000
0.538333	0.538333	0.677000	 1.000000	0.746122	0.874481	0.369000	 0.323000	 1.000000
0.540000	0.540000	0.676000	 1.000000	0.745336	0.874092	0.369000	 0.324000	 1.000000
0.541667	0.541667	0.675000	 1.000000	0.744550	0.873704	0.369000	 0.325000	 1.000000
0.543333	0.543333	0.674000	 1.000000	0.743764	0.873315	0.369000	 0.326000	 1.000000
0.545000	0.545000	0.673000	 1.000000	0.742978	0.872926	0.369000	 0.327000	 1.000000
0.546667	0.546667	0.672000	 1.000000	0.742192	0.872538	0.369000	 0.328000	 1.000000
0.548333	0.548333	0.671000	 1.000000	0.741406	0.872149	0.369000	 0.329000	 1.000000
0.550000	0.550000	0.670000	 1.000000	0.740620	0.871761	0.369000	 0.330000	 1.000000
0.551667	0.551667	0.669000	 1.000000	0.739834	0.871372	0.369000	 0.331000	 1.000000
0.553333	0.553333	0.668000	 1.000000	0.739048	0.870983	0.369000	 0.332000	 1.000000
0.555000	0.555000	0.667000	 1.000000	0.738262	0.870595	0.369000	 0.333000	 1.000000
0.556667	0.556667	0.666000	 1.000000	0.737476	0.870206	0.369000	 0.334000	 1.000000
0.558333	0.558333	0.665000	 1.000000	0.736690	0.869818	0.369000	 0.335000	 1.000000
0.560000	0.560000	0.664000	 1.000000	0.735904	0.869429	0.369000	 0.336000	 1.000000
0.561667	0.561667	0.663000	 1.000000	0.735118	0.869040	0.369000	 0.337000	 1.000000
0.563333	0.563333	0.662000	 1.000000	0.734332	0.868652	0.369000	 0.338000	 1.000000
0.565000	0.565000	0.661000	 1.000000	0.733546	0.868263	0.369000	 0.339000	 1.000000
0.566667	0.566667	0.660000	 1.000000	0.732760	0.867875	0.369000	 0.340000	 1.000000
0.568333	0.568333	0.659000	 1.000000	0.731974	0.867486	0.369000	 0.341000	 1.000000
0.570000	0.570000	0.658000	 1.000000	0.731188	0.867097	0.369000	 0.342000	 1.000000
0.571667	0.571667	0.657000	 1.000000	0.730402	0.866709	0.369000	 0.343000	 1.000000
0.573333	0.573333	0.656000	 1.000000	0.729616	0.866320	0.369000	 0.344000	 1.000000
0.575000	0.575000	0.655000	 1.000000	0.728830	0.865932	0.369000	 0.345000	 1.000000
0.576667	0.576667	0.654000	 1.000000	0.728044	0.865543	0.369000	 0.346000	 1.000000
0.578333	0.578333	0.653000	 1.000000	0.727258	0.865154	0.369000	 0.347000	 1.000000
0.580000	0.580000	0.652000	 1.000000	0.726472	0.864766	0.369000	 0.348000	 1.000000
0.581667	0.581667	0.651000	 1.000000	0.725686	0.864377	0.369000	 0.349000	 1.000000
0.583333	0.583333	0.650000	 1.000000	0.724900	0.863989	0.369000	 0.350000	 1.000000
0.585000	0.585000	0.649000	 1.000000	0.724114	0.863600	0.369000	 0.351000	 1.000000
0.586667	0.586667	0.648000	 1.000000	0.723328	0.863211	0.369000	 0.352000	 1.000000
0.588333	0.588333	0.647000	 1.000000	0.722542	0.862823	0.369000	 0.353000	 1.000000
0.590000	0.590000	0.646000	 1.000000	0.721756	0.862434	0.369000	 0.354000	 1.000000
0.591667	0.591667	0.645000	 1.000000	0.720970	0.862046	0.369000	 0.355000	 1.000000
0.593333	0.593333	0.644000	 1.000000	0.720184	0.861657	0.369000	 0.356000	 1.000000
0.595000	0.595000	0.643000	 1.000000	0.719398	0.861268	0.369000	 0.357000	 1.000000
0.596667	0.596667	0.642000	 1.000000	0.718612	0.860880	0.369000	 0.358000	 1.000000
0.598333	0.598333	0.641000	 1.000000	0.717826	0.860491	0.369000	 0.359000	 1.000000
0.600000	0.600000	0.640000	 1.000000	0.717040	0.860103	0.369000	 0.360000	 1.000000
0.601667	0.601667	0.639000	 1.000000	0.716254	0.859714	0.369000	 0.361000	 1.000000
0.603333	0.603333	0.638000	 1.000000	0.715468	0.859325	0.369000	 0.362000	 1.000000
0.605000	0.605000	0.637000	 1.000000	0.714682	0.858937	0.369000	 0.363000	 1.000000
0.606667	0.606667	0.636000	 1.000000	0.713896	0.858548	0.369000	 0.364000	 1.000000
0.608333	0.608333	0.635000	 1.000000	0.713110	0.858160	0.369000	 0.365000	 1.000000
0.610000	0.610000	0.634000	 1.000000	0.712324	0.857771	0.369000	 0.366000	 1.000000
0.611667	0.611667	0.633000	 1.000000	0.711538	0.857382	0.369000	 0.367000	 1.000000
0.613333	0.613333	0.632000	 1.000000	0.710752	0.856994	0.369000	 0.368000	 1.000000
0.615000	0.615000	0.631000	 1.000000	0.709966	0.856605	0.369000	 0.369000	 1.000000
0.616667	0.616667	0.630000	 1.000000	0.709180	0.856217	0.369000	 0.370000	 1.000000
0.618333	0.618333	0.629000	 1.000000	0.708394	0.855828	0.369000	 0.371000	 1.000000
0.620000	0.620000	0.628000	 1.000000	0.707608	0.855439	0.369000	 0.372000	 1.000000
0.621667	0.621667	0.627000	 1.000000	0.706822	0.855051	0.369000	 0.373000	 1.000000
0.623333	0.623333	0.626000	 1.000000	0.706036	0.854662	0.369000	 0.374000	 1.000000
0.625000	0.625000	0.625000	 1.000000	0.705250	0.854274	0.369000	 0.375000	 1.000000
0.626667	0.626667	0.624000	 1.000000	0.704464	0.853885	0.369000	 0.376000	 1.000000
0.628333	0.628333	0.623000	 1.000000	0.703678	0.853496	0.369000	 0.377000	 1.000000
0.630000	0.630000	0.622000	 1.000000	0.702892	0.853108	0.369000	 0.378000	 1.000000
0.631667	0.631667	0.621000	 1.000000	0.702106	0.852719	0.369000	 0.379000	 1.000000
0.633333	0.633333	0.620000	 1.000000	0.701320	0.852330	0.369000	 0.380000	 1.000000
0.635000	0.635000	0.619000	 1.000000	0.700534	0.851942	0.369000	 0.381000	 1.000000
0.636667	0.636667	0.618000	 1.000000	0.699748	0.851553	0.369000	 0.382000	 1.000000
0.638333	0.638333	0.617000	 1.000000	0.698962	0.851165	0.369000	 0.383000	 1.000000
0.640000	0.640000	0.616000	 1.000000	0.698176	0.850776	0.369000	 0.384000	 1.000000
0.641667	0.641667	0.615000	 1.000000	0.697390	0.850387	0.369000	 0.385000	 1.000000
0.643333	0.643333	0.614000	 1.000000	0.696604	0.849999	0.369000	 0.386000	 1.000000
0.645000	0.645000	0.613000	 1.000000	0.695818	0.849610	0.369000	 0.387000	 1.000000
0.646667	0.646667	0.612000	 1.000000	0.695032	0.849222	0.369000	 0.388000	 1.000000
0.648333	0.648333	0.611000	 1.000000	0.694246	0.848833	0.369000	 0.389000	 1.000000
0.650000	0.650000	0.610000	 1.000000	0.693460	0.848444	0.369000	 0.390000	 1.000000
0.651667	0.651667	0.609000	 1.000000	0.692674	0.848056	0.369000	 0.391000	 1.000000
0.653333	0.653333	0.608000	 1.000000	0.691888	0.847667	0.369000	 0.392000	 1.000000
0.655000	0.655000	0.607000	 1.000000	0.691102	0.847279	0.369000	 0.393000	 1.000000
0.656667	0.656667	0.606000	 1.000000	0.690316	0.846890	0.369000	 0.394000	 1.000000
0.658333	0.658333	0.605000	 1.000000	0.689530	0.846501	0.369000	 0.395000	 1.000000
0.660000	0.660000	0.604000	 1.000000	0.688744	0.846113	0.369000	 0.396000	 1.000000
0.661667	0.661667	0.603000	 1.000000	0.687958	0.845724	0.369000	 0.397000	 1.000000
0.663333	0.663333	0.602000	 1.000000	0.687172	0.845336	0.369000	 0.398000	 1.000000
0.665000	0.665000	0.601000	 1.000000	0.686386	0.844947	0.369000	 0.399000	 1.000000
0.666667	0.666667	0.600000	 1.000000	0.685600	0.844558	0.369000	 0.400000	 1.000000
0.668333	0.668333	0.599000	 1.000000	0.684814	0.844170	0.369000	 0.401000	 1.000000
0.670000	0.670000	0.598000	 1.000000	0.684028	0.843781	0.369000	 0.402000	 1.000000
0.671667	0.671667	0.597000	 1.000000	0.683242	0.843393	0.369000	 0.403000	 1.000000
0.673333	0.673333	0.596000	 1.000000	0.682456	0.843004	0.369000	 0.404000	 1.000000
0.675000	0.675000	0.595000	 1.000000	0.681670	0.842615	0.369000	 0.405000	 1.000000
0.676667	0.676667	0.594000	 1.000000	0.680884	0.842227	0.369000	 0.406000	 1.000000
0.678333	0.678333	0.593000	 1.000000	0.680098	0.841838	0.369000	 0.407000	 1.000000
0.680000	0.680000	0.592000	 1.000000	0.679312	0.841450	0.369000	 0.408000	 1.000000
0.681667	0.681667	0.591000	 1.000000	0.678526	0.841061	0.369000	 0.409000	 1.000000
0.683333	0.683333	0.590000	 1.000000	0.677740	0.840672	0.369000	 0.410000	 1.000000
0.685000	0.685000	0.589000	 1.000000	0.676954	0.840284	0.369000	 0.411000	 1.000000
0.686667	0.686667	0.588000	 1.000000	0.676168	0.839895	0.369000	 0.412000	 1.000000
0.688333	0.688333	0.587000	 1.000000	0.675382	0.839507	0.369000	 0.413000	 1.000000
0.690000	0.690000	0.586000	 1.000000	0.674596	0.839118	0.369000	 0.414000	 1.000000
0.691667	0.691667	0.585000	 1.000000	0.673810	0.838729	0.369000	 0.415000	 1.000000
0.693333	0.693333	0.584000	 1.000000	0.673024	0.838341	0.369000	 0.416000	 1.000000
0.695000	0.695000	0.583000	 1.000000	0.672238	0.837952	0.369000	 0.417000	 1.000000
0.696667	0.696667	0.582000	 1.000000	0.671452	0.837564	0.369000	 0.418000	 1.000000
0.698333	0.698333	0.581000	 1.000000	0.670666	0.837175	0.369000	 0.419000	 1.000000
0.700000	0.700000	0.580000	 1.000000	0.669880	0.836786	0.369000	 0.420000	 1.000000
0.701667	0.701667	0.579000	 1.000000	0.669094	0.836398	0.369000	 0.421000	 1.000000
0.703333	0.703333	0.578000	 1.000000	0.668308	0.836009	0.369000	 0.422000	 1.000000
0.705000	0.705000	0.577000	 1.000000	0.667522	0.835621	0.369000	 0.423000	 1.000000
0.706667	0.706667	0.576000	 1.000000	0.666736	0.835232	0.369000	 0.424000	 1.000000
0.708333	0.708333	0.575000	 1.000000	0.665950	0.834843	0.369000	 0.425000	 1.000000
0.710000	0.710000	0.574000	 1.000000	0.665164	0.834455	0.369000	 0.426000	 1.000000
0.711667	0.711667	0.573000	 1.000000	0.664378	0.834066	0.369000	 0.427000	 1.000000
0.713333	0.713333	0.572000	 1.000000	0.663592	0.833677	0.369000	 0.428000	 1.000000
0.715000	0.715000	0.571000	 1.000000	0.662806	0.833289	0.369000	 0.429000	 1.000000
0.716667	0.716667	0.570000	 1.000000	0.662020	0.832900	0.369000	 0.430000	 1.000000
0.718333	0.718333	0.569000	 1.000000	0.661234	0.832512	0.369000	 0.431000	 1.000000
0.720000	0.720000	0.568000	 1.000000	0.660448	0.832123	0.369000	 0.432000	 1.000000
0.721667	0.721667	0.567000	 1.000000	0.659662	0.831734	0.369000	 0.433000	 1.000000
0.723333	0.723333	0.566000	 1.000000	0.658876	0.831346	0.369000	 0.434000	 1.000000
0.725000	0.725000	0.565000	 1.000000	0.658090	0.830957	0.369000	 0.435000	 1.000000
0.726667	0.726667	0.564000	 1.000000	0.657304	0.830569	0.369000	 0.436000	 1.000000
0.728333	0.728333	0.563000	 1.000000	0.656518	0.830180	0.369000	 0.437000	 1.000000
0.730000	0.730000	0.562000	 1.000000	0.655732	0.829791	0.369000	 0.438000	 1.000000
0.731667	0.731667	0.561000	 1.000000	0.654946	0.829403	0.369000	 0.439000	 1.000000
0.733333	0.733333	0.560000	 1.000000	0.654160	0.829014	0.369000	 0.440000	 1.000000
0.735000	0.735000	0.559000	 1.000000	0.653374	0.828626	0.369000	 0.441000	 1.000000
0.736667	0.736667	0.558000	 1.000000	0.652588	0.828237	0.369000	 0.442000	 1.000000
0.738333	0.738333	0.557000	 1.000000	0.651802	0.827848	0.369000	 0.443000	 1.000000
0.740000	0.740000	0.556000	 1.000000	0.651016	0.827460	0.369000	 0.444000	 1.000000
0.741667	0.741667	0.555000	 1.000000	0.650230	0.827071	0.369000	 0.445000	 1.000000
0.743333	0.743333	0.554000	 1.000000	0.649444	0.826683	0.369000	 0.446000	 1.000000
0.745000	0.745000	0.553000	 1.000000	0.648658	0.826294	0.369000	 0.447000	 1.000000
0.746667	0.746667	0.552000	 1.000000	0.647872	0.825905	0.369000	 0.448000	 1.000000
0.748333	0.748333	0.551000	 1.000000	0.647086	0.825517	0.369000	 0.449000	 1.000000
0.750000	0.750000	0.550000	 1.000000	0.646300	0.825128	0.369000	 0.450000	 1.000000
0.751667	0.751667	0.549000	 1.000000	0.645514	0.824740	0.369000	 0.451000	 1.000000
0.753333	0.753333	0.548000	 1.000000	0.644728	0.824351	0.369000	 0.452000	 1.000000
0.755000	0.755000	0.547000	 1.000000	0.643942	0.823962	0.369000	 0.453000	 1.000000
0.756667	0.756667	0.546000	 1.000000	0.643156	0.823574	0.369000	 0.454000	 1.000000
0.758333	0.758333	0.545000	 1.000000	0.642370	0.823185	0.369000	 0.455000	 1.000000
0.760000	0.760000	0.544000	 1.000000	0.641584	0.822797	0.369000	 0.456000	 1.000000
0.761667	0.761667	0.543000	 1.000000	0.640798	0.822408	0.369000	 0.457000	 1.000000
0.763333	0.763333	0.542000	 1.000000	0.640012	0.822019	0.369000	 0.458000	 1.000000
0.765000	0.765000	0.541000	 1.000000	0.639226	0.821631	0.369000	 0.459000	 1.000000
0.766667	0.766667	0.540000	 1.000000	0.638440	0.821242	0.369000	 0.460000	 1.000000
0.768333	0.768333	0.539000	 1.000000	0.637654	0.820854	0.369000	 0.461000	 1.000000
0.770000	0.770000	0.538000	 1.000000	0.636868	0.820465	0.369000	 0.462000	 1.000000
0.771667	0.771667	0.537000	 1.000000	0.636082	0.820076	0.369000	 0.463000	 1.000000
0.773333	0.773333	0.536000	 1.000000	0.635296	0.819688	0.369000	 0.464000	 1.000000
0.775000	0.775000	0.535000	 1.000000	0.634510	0.819299	0.369000	 0.465000	 1.000000
0.776667	0.776667	0.534000	 1.000000	0.633724	0.818911	0.369000	 0.466000	 1.000000
0.778333	0.778333	0.533000	 1.000000	0.632938	0.818522	0.369000	 0.467000	 1.000000
0.780000	0.780000	0.532000	 1.000000	0.632152	0.818133	0.369000	 0.468000	 1.000000
0.781667	0.781667	0.531000	 1.000000	0.631366	0.817745	0.369000	 0.469000	 1.000000
0.783333	0.783333	0.530000	 1.000000	0.630580	0.817356	0.369000	 0.470000	 1.000000
0.785000	0.785000	0.529000	 1.000000	0.629794	0.816968	0.369000	 0.471000	 1.000000
0.786667	0.786667	0.528000	 1.000000	0.629008	0.816579	0.369000	 0.472000	 1.000000
0.788333	0.788333	0.527000	 1.000000	0.628222	0.816190	0.369000	 0.473000	 1.000000
0.790000	0.790000	0.526000	 1.000000	0.627436	0.815802	0.369000	 0.474000	 1.000000
0.791667	0.791667	0.525000	 1.000000	0.626650	0.815413	0.369000	 0.475000	 1.000000
0.793333	0.793333	0.524000	 1.000000	0.625864	0.815024	0.369000	 0.476000	 1.000000
0.795000	0.795000	0.523000	 1.000000	0.625078	0.814636	0.369000	 0.477000	 1.000000
0.796667	0.796667	0.522000	 1.000000	0.624292	0.814247	0.369000	 0.478000	 1.000000
0.798333	0.798333	0.521000	 1.000000	0.623506	0.813859	0.369000	 0.479000	 1.000000
0.800000	0.800000	0.520000	 1.000000	0.622720	0.813470	0.369000	 0.480000	 1.000000
0.801667	0.801667	0.519000	 1.000000	0.621934	0.813081	0.369000	 0.481000	 1.000000
0.803333	0.803333	0.518000	 1.000000	0.621148	0.812693	0.369000	 0.482000	 1.000000
0.805000	0.805000	0.517000	 1.000000	0.620362	0.812304	0.369000	 0.483000	 1.000000
0.806667	0.806667	0.516000	 1.000000	0.619576	0.811916	0.369000	 0.484000	 1.000000
0.808333	0.808333	0.515000	 1.000000	0.618790	0.811527	0.369000	 0.485000	 1.000000
0.810000	0.810000	0.514000	 1.000000	0.618004	0.811138	0.369000	 0.486000	 1.000000
0.811667	0.811667	0.513000	 1.000000	0.617218	0.810750	0.369000	 0.487000	 1.000000
0.813333	0.813333	0.512000	 1.000000	0.616432	0.810361	0.369000	 0.488000	 1.000000
0.815000	0.815000	0.511000	 1.000000	0.615646	0.809973	0.369000	 0.489000	 1.000000
0.816667	0.816667	0.510000	 1.000000	0.614860	0.809584	0.369000	 0.490000	 1.000000
0.818333	0.818333	0.509000	 1.000000	0.614074	0.809195	0.369000	 0.491000	 1.000000
0.820000	0.820000	0.508000	 1.000000	0.613288	0.808807	0.369000	 0.492000	 1.000000
0.821667	0.821667	0.507000	 1.000000	0.612502	0.808418	0.369000	 0.493000	 1.000000
0.823333	0.823333	0.506000	 1.000000	0.611716	0.808030	0.369000	 0.494000	 1.000000
0.825000	0.825000	0.505000	 1.000000	0.610930	0.807641	0.369000	 0.495000	 1.000000
0.826667	0.826667	0.504000	 1.000000	0.610144	0.807252	0.369000	 0.496000	 1.000000
0.828333	0.828333	0.503000	 1.000000	0.609358	0.806864	0.369000	 0.497000	 1.000000
0.830000	0.830000	0.502000	 1.000000	0.608572	0.806475	0.369000	 0.498000	 1.000000
0.831667	0.831667	0.501000	 1.000000	0.607786	0.806087	0.369000	 0.499000	 1.000000
0.833333	0.833333	0.500000	 1.000000	0.607000	0.805698	0.369000	 0.500000	 1.000000
0.835000	0.835000	0.499000	 1.000000	0.606214	0.805309	0.369000	 0.501000	 1.000000
0.836667	0.836667	0.498000	 1.000000	0.605428	0.804921	0.369000	 0.502000	 1.000000
0.838333	0.838333	0.497000	 1.000000	0.604642	0.804532	0.369000	 0.503000	 1.000000
0.840000	0.840000	0.496000	 1.000000	0.603856	0.804144	0.369000	 0.504000	 1.000000
0.841667	0.841667	0.495000	 1.000000	0.603070	0.803755	0.369000	 0.505000	 1.000000
0.843333	0.843333	0.494000	 1.000000	0.602284	0.803366	0.369000	 0.506000	 1.000000
0.845000	0.845000	0.493000	 1.000000	0.601498	0.802978	0.369000	 0.507000	 1.000000
0.846667	0.846667	0.492000	 1.000000	0.600712	0.802589	0.369000	 0.508000	 1.000000
0.848333	0.848333	0.491000	 1.000000	0.599926	0.802201	0.369000	 0.509000	 1.000000
0.850000	0.850000	0.490000	 1.000000	0.599140	0.801812	0.369000	 0.510000	 1.000000
0.851667	0.851667	0.489000	 1.000000	0.598354	0.801423	0.369000	 0.511000	 1.000000
0.853333	0.853333	0.488000	 1.000000	0.597568	0.801035	0.369000	 0.512000	 1.000000
0.855000	0.855000	0.487000	 1.000000	0.596782	0.800646	0.369000	 0.513000	 1.000000
0.856667	0.856667	0.486000	 1.000000	0.595996	0.800258	0.369000	 0.514000	 1.000000
0.858333	0.858333	0.485000	 1.000000	0.595210	0.799869	0.369000	 0.515000	 1.000000
0.860000	0.860000	0.484000	 1.000000	0.594424	0.799480	0.369000	 0.516000	 1.000000
0.861667	0.861667	0.483000	 1.000000	0.593638	0.799092	0.369000	 0.517000	 1.000000
0.863333	0.863333	0.482000	 1.000000	0.592852	0.798703	0.369000	 0.518000	 1.000000
0.865000	0.865000	0.481000	 1.000000	0.592066	0.798315	0.369000	 0.519000	 1.000000
0.866667	0.866667	0.480000	 1.000000	0.591280	0.797926	0.369000	 0.520000	 1.000000
0.868333	0.868333	0.479000	 1.000000	0.590494	0.797537	0.369000	 0.521000	 1.000000
0.870000	0.870000	0.478000	 1.000000	0.589708	0.797149	0.369000	 0.522000	 1.000000
0.871667	0.871667	0.477000	 1.000000	0.588922	0.796760	0.369000	 0.523000	 1.000000
0.873333	0.873333	0.476000	 1.000000	0.588136	0.796372	0.369000	 0.524000	 1.000000
0.875000	0.875000	0.475000	 1.000000	0.587350	0.795983	0.369000	 0.525000	 1.000000
0.876667	0.876667	0.474000	 1.000000	0.586564	0.795594	0.369000	 0.526000	 1.000000
0.878333	0.878333	0.473000	 1.000000	0.585778	0.795206	0.369000	 0.527000	 1.000000
0.880000	0.880000	0.472000	 1.000000	0.584992	0.794817	0.369000	 0.528000	 1.000000
0.881667	0.881667	0.471000	 1.000000	0.584206	0.794428	0.369000	 0.529000	 1.000000
0.883333	0.883333	0.470000	 1.000000	0.583420	0.794040	0.369000	 0.530000	 1.000000
0.885000	0.885000	0.469000	 1.000000	0.582634	0.793651	0.369000	 0.531000	 1.000000
0.886667	0.886667	0.468000	 1.000000	0.581848	0.793263	0.369000	 0.532000	 1.000000
0.888333	0.888333	0.467000	 1.000000	0.581062	0.792874	0.369000	 0.533000	 1.000000
0.890000	0.890000	0.466000	 1.000000	0.580276	0.792485	0.369000	 0.534000	 1.000000
0.891667	0.891667	0.465000	 1.000000	0.579490	0.792097	0.369000	 0.535000	 1.000000
0.893333	0.893333	0.464000	 1.000000	0.578704	0.791708	0.369000	 0.536000	 1.000000
0.895000	0.895000	0.463000	 1.000000	0.577918	0.791320	0.369000	 0.537000	 1.000000
0.896667	0.896667	0.462000	 1.000000	0.577132	0.790931	0.369000	 0.538000	 1.000000
0.898333	0.898333	0.461000	 1.000000	0.576346	0.790542	0.369000	 0.539000	 1.000000
0.900000	0.900000	0.460000	 1.000000	0.575560	0.790154	0.369000	 0.540000	 1.000000
0.901667	0.901667	0.459000	 1.000000	0.574774	0.789765	0.369000	 0.541000	 1.000000
0.903333	0.903333	0.458000	 1.000000	0.573988	0.789377	0.369000	 0.542000	 1.000000
0.905000	0.905000	0.457000	 1.000000	0.573202	0.788988	0.369000	 0.543000	 1.000000
0.906667	0.906667	0.456000	 1.000000	0.572416	0.788599	0.369000	 0.544000	 1.000000
0.908333	0.908333	0.455000	 1.000000	0.571630	0.788211	0.369000	 0.545000	 1.000000
0.910000	0.910000	0.454000	 1.000000	0.570844	0.787822	0.369000	 0.546000	 1.000000
0.911667	0.911667	0.453000	 1.000000	0.570058	0.787434	0.369000	 0.547000	 1.000000
0.913333	0.913333	0.452000	 1.000000	0.569272	0.787045	0.369000	 0.548000	 1.000000
0.915000	0.915000	0.451000	 1.000000	0.568486	0.786656	0.369000	 0.549000	 1.000000
0.916667	0.916667	0.450000	 1.000000	0.567700	0.786268	0.369000	 0.550000	 1.000000
0.918333	0.918333	0.449000	 1.000000	0.566914	0.785879	0.369000	 0.551000	 1.000000
0.920000	0.920000	0.448000	 1.000000	0.566128	0.785491	0.369000	 0.552000	 1.000000
0.921667	0.921667	0.447000	 1.000000	0.565342	0.785102	0.369000	 0.553000	 1.000000
0.923333	0.923333	0.446000	 1.000000	0.564556	0.784713	0.369000	 0.554000	 1.000000
0.925000	0.925000	0.445000	 1.000000	0.563770	0.784325	0.369000	 0.555000	 1.000000
0.926667	0.926667	0.444000	 1.000000	0.562984	0.783936	0.369000	 0.556000	 1.000000
0.928333	0.928333	0.443000	 1.000000	0.562198	0.783548	0.369000	 0.557000	 1.000000
0.930000	0.930000	0.442000	 1.000000	0.561412	0.783159	0.369000	 0.558000	 1.000000
0.931667	0.931667	0.441000	 1.000000	0.560626	0.782770	0.369000	 0.559000	 1.000000
0.933333	0.933333	0.440000	 1.000000	0.559840	0.782382	0.369000	 0.560000	 1.000000
0.935000	0.935000	0.439000	 1.000000	0.559054	0.781993	0.369000	 0.561000	 1.000000
0.936667	0.936667	0.438000	 1.000000	0.558268	0.781605	0.369000	 0.562000	 1.000000
0.938333	0.938333	0.437000	 1.000000	0.557482	0.781216	0.369000	 0.563000	 1.000000
0.940000	0.940000	0.436000	 1.000000	0.556696	0.780827	0.369000	 0.564000	 1.000000
0.941667	0.941667	0.435000	 1.000000	0.555910	0.780439	0.369000	 0.565000	 1.000000
0.943333	0.943333	0.434000	 1.000000	0.555124	0.780050	0.369000	 0.566000	 1.000000
0.945000	0.945000	0.433000	 1.000000	0.554338	0.779662	0.369000	 0.567000	 1.000000
0.946667	0.946667	0.432000	 1.000000	0.553552	0.779273	0.369000	 0.568000	 1.000000
0.948333	0.948333	0.431000	 1.000000	0.552766	0.778884	0.369000	 0.569000	 1.000000
0.950000	0.950000	0.430000	 1.000000	0.551980	0.778496	0.369000	 0.570000	 1.000000
0.951667	0.951667	0.429000	 1.000000	0.551194	0.778107	0.369000	 0.571000	 1.000000
0.953333	0.953333	0.428000	 1.000000	0.550408	0.777719	0.369000	 0.572000	 1.000000
0.955000	0.955000	0.427000	 1.000000	0.549622	0.777330	0.369000	 0.573000	 1.000000
0.956667	0.956667	0.426000	 1.000000	0.548836	0.776941	0.369000	 0.574000	 1.000000
0.958333	0.958333	0.425000	 1.000000	0.548050	0.776553	0.369000	 0.575000	 1.000000
0.960000	0.960000	0.424000	 1.000000	0.547264	0.776164	0.369000	 0.576000	 1.000000
0.961667	0.961667	0.423000	 1.000000	0.546478	0.775775	0.369000	 0.577000	 1.000000
0.963333	0.963333	0.422000	 1.000000	0.545692	0.775387	0.369000	 0.578000	 1.000000
0.965000	0.965000	0.421000	 1.000000	0.544906	0.774998	0.369000	 0.579000	 1.000000
0.966667	0.966667	0.420000	 1.000000	0.544120	0.774610	0.369000	 0.580000	 1.000000
0.968333	0.968333	0.419000	 1.000000	0.543334	0.774221	0.369000	 0.581000	 1.000000
0.970000	0.970000	0.418000	 1.000000	0.542548	0.773832	0.369000	 0.582000	 1.000000
0.971667	0.971667	0.417000	 1.000000	0.541762	0.773444	0.369000	 0.583000	 1.000000
0.973333	0.973333	0.416000	 1.000000	0.540976	0.773055	0.369000	 0.584000	 1.000000
0.975000	0.975000	0.415000	 1.000000	0.540190	0.772667	0.369000	 0.585000	 1.000000
0.976667	0.976667	0.414000	 1.000000	0.539404	0.772278	0.369000	 0.586000	 1.000000
0.978333	0.978333	0.413000	 1.000000	0.538618	0.771889	0.369000	 0.587000	 1.000000
0.980000	0.980000	0.412000	 1.000000	0.537832	0.771501	0.369000	 0.588000	 1.000000
0.981667	0.981667	0.411000	 1.000000	0.537046	0.771112	0.369000	 0.589000	 1.000000
0.983333	0.983333	0.410000	 1.000000	0.536260	0.770724	0.369000	 0.590000	 1.000000
0.985000	0.985000	0.409000	 1.000000	0.535474	0.770335	0.369000	 0.591000	 1.000000
0.986667	0.986667	0.408000	 1.000000	0.534688	0.769946	0.369000	 0.592000	 1.000000
0.988333	0.988333	0.407000	 1.000000	0.533902	0.769558	0.369000	 0.593000	 1.000000
0.990000	0.990000	0.406000	 1.000000	0.533116	0.769169	0.369000	 0.594000	 1.000000
0.991667	0.991667	0.405000	 1.000000	0.532330	0.768781	0.369000	 0.595000	 1.000000
0.993333	0.993333	0.404000	 1.000000	0.531544	0.768392	0.369000	 0.596000	 1.000000
0.995000	0.995000	0.403000	 1.000000	0.530758	0.768003	0.369000	 0.597000	 1.000000
0.996667	0.996667	0.402000	 1.000000	0.529972	0.767615	0.369000	 0.598000	 1.000000
0.998333	0.998333	0.401000	 1.000000	0.529186	0.767226	0.369000	 0.599000	 1.000000
