#p 		 mp		 R 		 G 		B 		Y 	 h	s	v
0.000000	0.000000	1.000000	 1.000000	1.000000	1.000000	0.492000	 0.000000	 1.000000
0.001667	0.000000	1.000000	 1.000000	1.000000	1.000000	0.492000	 0.000000	 1.000000
0.003333	0.000000	1.000000	 1.000000	1.000000	1.000000	0.492000	 0.000000	 1.000000
0.005000	0.000000	1.000000	 1.000000	1.000000	1.000000	0.492000	 0.000000	 1.000000
0.006667	0.000000	1.000000	 1.000000	1.000000	1.000000	0.492000	 0.000000	 1.000000
0.008333	0.000000	1.000000	 1.000000	1.000000	1.000000	0.492000	 0.000000	 1.000000
0.010000	0.000000	1.000000	 1.000000	1.000000	1.000000	0.492000	 0.000000	 1.000000
0.011667	0.000000	1.000000	 1.000000	1.000000	1.000000	0.492000	 0.000000	 1.000000
0.013333	0.000000	1.000000	 1.000000	1.000000	1.000000	0.492000	 0.000000	 1.000000
0.015000	0.000000	1.000000	 1.000000	1.000000	1.000000	0.492000	 0.000000	 1.000000
0.016667	0.000000	1.000000	 1.000000	1.000000	1.000000	0.492000	 0.000000	 1.000000
0.018333	0.000000	1.000000	 1.000000	1.000000	1.000000	0.492000	 0.000000	 1.000000
0.020000	0.000000	1.000000	 1.000000	1.000000	1.000000	0.492000	 0.000000	 1.000000
0.021667	0.000000	1.000000	 1.000000	1.000000	1.000000	0.492000	 0.000000	 1.000000
0.023333	0.000000	1.000000	 1.000000	1.000000	1.000000	0.492000	 0.000000	 1.000000
0.025000	0.000000	1.000000	 1.000000	1.000000	1.000000	0.492000	 0.000000	 1.000000
0.026667	0.000000	1.000000	 1.000000	1.000000	1.000000	0.492000	 0.000000	 1.000000
0.028333	0.000000	1.000000	 1.000000	1.000000	1.000000	0.492000	 0.000000	 1.000000
0.030000	0.000000	1.000000	 1.000000	1.000000	1.000000	0.492000	 0.000000	 1.000000
0.031667	0.000000	1.000000	 1.000000	1.000000	1.000000	0.492000	 0.000000	 1.000000
0.033333	0.000000	1.000000	 1.000000	1.000000	1.000000	0.492000	 0.000000	 1.000000
0.035000	0.000000	1.000000	 1.000000	1.000000	1.000000	0.492000	 0.000000	 1.000000
0.036667	0.142857	0.914286	 1.000000	0.995886	0.973902	0.492000	 0.085714	 1.000000
0.038333	0.142857	0.914286	 1.000000	0.995886	0.973902	0.492000	 0.085714	 1.000000
0.040000	0.142857	0.914286	 1.000000	0.995886	0.973902	0.492000	 0.085714	 1.000000
0.041667	0.142857	0.914286	 1.000000	0.995886	0.973902	0.492000	 0.085714	 1.000000
0.043333	0.142857	0.914286	 1.000000	0.995886	0.973902	0.492000	 0.085714	 1.000000
0.045000	0.142857	0.914286	 1.000000	0.995886	0.973902	0.492000	 0.085714	 1.000000
0.046667	0.142857	0.914286	 1.000000	0.995886	0.973902	0.492000	 0.085714	 1.000000
0.048333	0.142857	0.914286	 1.000000	0.995886	0.973902	0.492000	 0.085714	 1.000000
0.050000	0.142857	0.914286	 1.000000	0.995886	0.973902	0.492000	 0.085714	 1.000000
0.051667	0.142857	0.914286	 1.000000	0.995886	0.973902	0.492000	 0.085714	 1.000000
0.053333	0.142857	0.914286	 1.000000	0.995886	0.973902	0.492000	 0.085714	 1.000000
0.055000	0.142857	0.914286	 1.000000	0.995886	0.973902	0.492000	 0.085714	 1.000000
0.056667	0.142857	0.914286	 1.000000	0.995886	0.973902	0.492000	 0.085714	 1.000000
0.058333	0.142857	0.914286	 1.000000	0.995886	0.973902	0.492000	 0.085714	 1.000000
0.060000	0.142857	0.914286	 1.000000	0.995886	0.973902	0.492000	 0.085714	 1.000000
0.061667	0.142857	0.914286	 1.000000	0.995886	0.973902	0.492000	 0.085714	 1.000000
0.063333	0.142857	0.914286	 1.000000	0.995886	0.973902	0.492000	 0.085714	 1.000000
0.065000	0.142857	0.914286	 1.000000	0.995886	0.973902	0.492000	 0.085714	 1.000000
0.066667	0.142857	0.914286	 1.000000	0.995886	0.973902	0.492000	 0.085714	 1.000000
0.068333	0.142857	0.914286	 1.000000	0.995886	0.973902	0.492000	 0.085714	 1.000000
0.070000	0.142857	0.914286	 1.000000	0.995886	0.973902	0.492000	 0.085714	 1.000000
0.071667	0.285714	0.828571	 1.000000	0.991771	0.947805	0.492000	 0.171429	 1.000000
0.073333	0.285714	0.828571	 1.000000	0.991771	0.947805	0.492000	 0.171429	 1.000000
0.075000	0.285714	0.828571	 1.000000	0.991771	0.947805	0.492000	 0.171429	 1.000000
0.076667	0.285714	0.828571	 1.000000	0.991771	0.947805	0.492000	 0.171429	 1.000000
0.078333	0.285714	0.828571	 1.000000	0.991771	0.947805	0.492000	 0.171429	 1.000000
0.080000	0.285714	0.828571	 1.000000	0.991771	0.947805	0.492000	 0.171429	 1.000000
0.081667	0.285714	0.828571	 1.000000	0.991771	0.947805	0.492000	 0.171429	 1.000000
0.083333	0.285714	0.828571	 1.000000	0.991771	0.947805	0.492000	 0.171429	 1.000000
0.085000	0.285714	0.828571	 1.000000	0.991771	0.947805	0.492000	 0.171429	 1.000000
0.086667	0.285714	0.828571	 1.000000	0.991771	0.947805	0.492000	 0.171429	 1.000000
0.088333	0.285714	0.828571	 1.000000	0.991771	0.947805	0.492000	 0.171429	 1.000000
0.090000	0.285714	0.828571	 1.000000	0.991771	0.947805	0.492000	 0.171429	 1.000000
0.091667	0.285714	0.828571	 1.000000	0.991771	0.947805	0.492000	 0.171429	 1.000000
0.093333	0.285714	0.828571	 1.000000	0.991771	0.947805	0.492000	 0.171429	 1.000000
0.095000	0.285714	0.828571	 1.000000	0.991771	0.947805	0.492000	 0.171429	 1.000000
0.096667	0.285714	0.828571	 1.000000	0.991771	0.947805	0.492000	 0.171429	 1.000000
0.098333	0.285714	0.828571	 1.000000	0.991771	0.947805	0.492000	 0.171429	 1.000000
0.100000	0.285714	0.828571	 1.000000	0.991771	0.947805	0.492000	 0.171429	 1.000000
0.101667	0.285714	0.828571	 1.000000	0.991771	0.947805	0.492000	 0.171429	 1.000000
0.103333	0.285714	0.828571	 1.000000	0.991771	0.947805	0.492000	 0.171429	 1.000000
0.105000	0.285714	0.828571	 1.000000	0.991771	0.947805	0.492000	 0.171429	 1.000000
0.106667	0.285714	0.828571	 1.000000	0.991771	0.947805	0.492000	 0.171429	 1.000000
0.108333	0.428571	0.742857	 1.000000	0.987657	0.921707	0.492000	 0.257143	 1.000000
0.110000	0.428571	0.742857	 1.000000	0.987657	0.921707	0.492000	 0.257143	 1.000000
0.111667	0.428571	0.742857	 1.000000	0.987657	0.921707	0.492000	 0.257143	 1.000000
0.113333	0.428571	0.742857	 1.000000	0.987657	0.921707	0.492000	 0.257143	 1.000000
0.115000	0.428571	0.742857	 1.000000	0.987657	0.921707	0.492000	 0.257143	 1.000000
0.116667	0.428571	0.742857	 1.000000	0.987657	0.921707	0.492000	 0.257143	 1.000000
0.118333	0.428571	0.742857	 1.000000	0.987657	0.921707	0.492000	 0.257143	 1.000000
0.120000	0.428571	0.742857	 1.000000	0.987657	0.921707	0.492000	 0.257143	 1.000000
0.121667	0.428571	0.742857	 1.000000	0.987657	0.921707	0.492000	 0.257143	 1.000000
0.123333	0.428571	0.742857	 1.000000	0.987657	0.921707	0.492000	 0.257143	 1.000000
0.125000	0.428571	0.742857	 1.000000	0.987657	0.921707	0.492000	 0.257143	 1.000000
0.126667	0.428571	0.742857	 1.000000	0.987657	0.921707	0.492000	 0.257143	 1.000000
0.128333	0.428571	0.742857	 1.000000	0.987657	0.921707	0.492000	 0.257143	 1.000000
0.130000	0.428571	0.742857	 1.000000	0.987657	0.921707	0.492000	 0.257143	 1.000000
0.131667	0.428571	0.742857	 1.000000	0.987657	0.921707	0.492000	 0.257143	 1.000000
0.133333	0.428571	0.742857	 1.000000	0.987657	0.921707	0.492000	 0.257143	 1.000000
0.135000	0.428571	0.742857	 1.000000	0.987657	0.921707	0.492000	 0.257143	 1.000000
0.136667	0.428571	0.742857	 1.000000	0.987657	0.921707	0.492000	 0.257143	 1.000000
0.138333	0.428571	0.742857	 1.000000	0.987657	0.921707	0.492000	 0.257143	 1.000000
0.140000	0.428571	0.742857	 1.000000	0.987657	0.921707	0.492000	 0.257143	 1.000000
0.141667	0.428571	0.742857	 1.000000	0.987657	0.921707	0.492000	 0.257143	 1.000000
0.143333	0.571429	0.657143	 1.000000	0.983543	0.895610	0.492000	 0.342857	 1.000000
0.145000	0.571429	0.657143	 1.000000	0.983543	0.895610	0.492000	 0.342857	 1.000000
0.146667	0.571429	0.657143	 1.000000	0.983543	0.895610	0.492000	 0.342857	 1.000000
0.148333	0.571429	0.657143	 1.000000	0.983543	0.895610	0.492000	 0.342857	 1.000000
0.150000	0.571429	0.657143	 1.000000	0.983543	0.895610	0.492000	 0.342857	 1.000000
0.151667	0.571429	0.657143	 1.000000	0.983543	0.895610	0.492000	 0.342857	 1.000000
0.153333	0.571429	0.657143	 1.000000	0.983543	0.895610	0.492000	 0.342857	 1.000000
0.155000	0.571429	0.657143	 1.000000	0.983543	0.895610	0.492000	 0.342857	 1.000000
0.156667	0.571429	0.657143	 1.000000	0.983543	0.895610	0.492000	 0.342857	 1.000000
0.158333	0.571429	0.657143	 1.000000	0.983543	0.895610	0.492000	 0.342857	 1.000000
0.160000	0.571429	0.657143	 1.000000	0.983543	0.895610	0.492000	 0.342857	 1.000000
0.161667	0.571429	0.657143	 1.000000	0.983543	0.895610	0.492000	 0.342857	 1.000000
0.163333	0.571429	0.657143	 1.000000	0.983543	0.895610	0.492000	 0.342857	 1.000000
0.165000	0.571429	0.657143	 1.000000	0.983543	0.895610	0.492000	 0.342857	 1.000000
0.166667	0.571429	0.657143	 1.000000	0.983543	0.895610	0.492000	 0.342857	 1.000000
0.168333	0.571429	0.657143	 1.000000	0.983543	0.895610	0.492000	 0.342857	 1.000000
0.170000	0.571429	0.657143	 1.000000	0.983543	0.895610	0.492000	 0.342857	 1.000000
0.171667	0.571429	0.657143	 1.000000	0.983543	0.895610	0.492000	 0.342857	 1.000000
0.173333	0.571429	0.657143	 1.000000	0.983543	0.895610	0.492000	 0.342857	 1.000000
0.175000	0.571429	0.657143	 1.000000	0.983543	0.895610	0.492000	 0.342857	 1.000000
0.176667	0.571429	0.657143	 1.000000	0.983543	0.895610	0.492000	 0.342857	 1.000000
0.178333	0.571429	0.657143	 1.000000	0.983543	0.895610	0.492000	 0.342857	 1.000000
0.180000	0.714286	0.571429	 1.000000	0.979429	0.869512	0.492000	 0.428571	 1.000000
0.181667	0.714286	0.571429	 1.000000	0.979429	0.869512	0.492000	 0.428571	 1.000000
0.183333	0.714286	0.571429	 1.000000	0.979429	0.869512	0.492000	 0.428571	 1.000000
0.185000	0.714286	0.571429	 1.000000	0.979429	0.869512	0.492000	 0.428571	 1.000000
0.186667	0.714286	0.571429	 1.000000	0.979429	0.869512	0.492000	 0.428571	 1.000000
0.188333	0.714286	0.571429	 1.000000	0.979429	0.869512	0.492000	 0.428571	 1.000000
0.190000	0.714286	0.571429	 1.000000	0.979429	0.869512	0.492000	 0.428571	 1.000000
0.191667	0.714286	0.571429	 1.000000	0.979429	0.869512	0.492000	 0.428571	 1.000000
0.193333	0.714286	0.571429	 1.000000	0.979429	0.869512	0.492000	 0.428571	 1.000000
0.195000	0.714286	0.571429	 1.000000	0.979429	0.869512	0.492000	 0.428571	 1.000000
0.196667	0.714286	0.571429	 1.000000	0.979429	0.869512	0.492000	 0.428571	 1.000000
0.198333	0.714286	0.571429	 1.000000	0.979429	0.869512	0.492000	 0.428571	 1.000000
0.200000	0.714286	0.571429	 1.000000	0.979429	0.869512	0.492000	 0.428571	 1.000000
0.201667	0.714286	0.571429	 1.000000	0.979429	0.869512	0.492000	 0.428571	 1.000000
0.203333	0.714286	0.571429	 1.000000	0.979429	0.869512	0.492000	 0.428571	 1.000000
0.205000	0.714286	0.571429	 1.000000	0.979429	0.869512	0.492000	 0.428571	 1.000000
0.206667	0.714286	0.571429	 1.000000	0.979429	0.869512	0.492000	 0.428571	 1.000000
0.208333	0.714286	0.571429	 1.000000	0.979429	0.869512	0.492000	 0.428571	 1.000000
0.210000	0.714286	0.571429	 1.000000	0.979429	0.869512	0.492000	 0.428571	 1.000000
0.211667	0.714286	0.571429	 1.000000	0.979429	0.869512	0.492000	 0.428571	 1.000000
0.213333	0.714286	0.571429	 1.000000	0.979429	0.869512	0.492000	 0.428571	 1.000000
0.215000	0.857143	0.485714	 1.000000	0.975314	0.843414	0.492000	 0.514286	 1.000000
0.216667	0.857143	0.485714	 1.000000	0.975314	0.843414	0.492000	 0.514286	 1.000000
0.218333	0.857143	0.485714	 1.000000	0.975314	0.843414	0.492000	 0.514286	 1.000000
0.220000	0.857143	0.485714	 1.000000	0.975314	0.843414	0.492000	 0.514286	 1.000000
0.221667	0.857143	0.485714	 1.000000	0.975314	0.843414	0.492000	 0.514286	 1.000000
0.223333	0.857143	0.485714	 1.000000	0.975314	0.843414	0.492000	 0.514286	 1.000000
0.225000	0.857143	0.485714	 1.000000	0.975314	0.843414	0.492000	 0.514286	 1.000000
0.226667	0.857143	0.485714	 1.000000	0.975314	0.843414	0.492000	 0.514286	 1.000000
0.228333	0.857143	0.485714	 1.000000	0.975314	0.843414	0.492000	 0.514286	 1.000000
0.230000	0.857143	0.485714	 1.000000	0.975314	0.843414	0.492000	 0.514286	 1.000000
0.231667	0.857143	0.485714	 1.000000	0.975314	0.843414	0.492000	 0.514286	 1.000000
0.233333	0.857143	0.485714	 1.000000	0.975314	0.843414	0.492000	 0.514286	 1.000000
0.235000	0.857143	0.485714	 1.000000	0.975314	0.843414	0.492000	 0.514286	 1.000000
0.236667	0.857143	0.485714	 1.000000	0.975314	0.843414	0.492000	 0.514286	 1.000000
0.238333	0.857143	0.485714	 1.000000	0.975314	0.843414	0.492000	 0.514286	 1.000000
0.240000	0.857143	0.485714	 1.000000	0.975314	0.843414	0.492000	 0.514286	 1.000000
0.241667	0.857143	0.485714	 1.000000	0.975314	0.843414	0.492000	 0.514286	 1.000000
0.243333	0.857143	0.485714	 1.000000	0.975314	0.843414	0.492000	 0.514286	 1.000000
0.245000	0.857143	0.485714	 1.000000	0.975314	0.843414	0.492000	 0.514286	 1.000000
0.246667	0.857143	0.485714	 1.000000	0.975314	0.843414	0.492000	 0.514286	 1.000000
0.248333	0.857143	0.485714	 1.000000	0.975314	0.843414	0.492000	 0.514286	 1.000000
0.250000	0.000000	1.000000	 1.000000	1.000000	1.000000	0.492000	 0.000000	 1.000000
0.251667	0.000000	1.000000	 1.000000	1.000000	1.000000	0.492000	 0.000000	 1.000000
0.253333	0.000000	1.000000	 1.000000	1.000000	1.000000	0.492000	 0.000000	 1.000000
0.255000	0.000000	1.000000	 1.000000	1.000000	1.000000	0.492000	 0.000000	 1.000000
0.256667	0.000000	1.000000	 1.000000	1.000000	1.000000	0.492000	 0.000000	 1.000000
0.258333	0.000000	1.000000	 1.000000	1.000000	1.000000	0.492000	 0.000000	 1.000000
0.260000	0.000000	1.000000	 1.000000	1.000000	1.000000	0.492000	 0.000000	 1.000000
0.261667	0.000000	1.000000	 1.000000	1.000000	1.000000	0.492000	 0.000000	 1.000000
0.263333	0.000000	1.000000	 1.000000	1.000000	1.000000	0.492000	 0.000000	 1.000000
0.265000	0.000000	1.000000	 1.000000	1.000000	1.000000	0.492000	 0.000000	 1.000000
0.266667	0.000000	1.000000	 1.000000	1.000000	1.000000	0.492000	 0.000000	 1.000000
0.268333	0.000000	1.000000	 1.000000	1.000000	1.000000	0.492000	 0.000000	 1.000000
0.270000	0.000000	1.000000	 1.000000	1.000000	1.000000	0.492000	 0.000000	 1.000000
0.271667	0.000000	1.000000	 1.000000	1.000000	1.000000	0.492000	 0.000000	 1.000000
0.273333	0.000000	1.000000	 1.000000	1.000000	1.000000	0.492000	 0.000000	 1.000000
0.275000	0.000000	1.000000	 1.000000	1.000000	1.000000	0.492000	 0.000000	 1.000000
0.276667	0.000000	1.000000	 1.000000	1.000000	1.000000	0.492000	 0.000000	 1.000000
0.278333	0.000000	1.000000	 1.000000	1.000000	1.000000	0.492000	 0.000000	 1.000000
0.280000	0.000000	1.000000	 1.000000	1.000000	1.000000	0.492000	 0.000000	 1.000000
0.281667	0.000000	1.000000	 1.000000	1.000000	1.000000	0.492000	 0.000000	 1.000000
0.283333	0.000000	1.000000	 1.000000	1.000000	1.000000	0.492000	 0.000000	 1.000000
0.285000	0.000000	1.000000	 1.000000	1.000000	1.000000	0.492000	 0.000000	 1.000000
0.286667	0.142857	0.914286	 1.000000	0.995886	0.973902	0.492000	 0.085714	 1.000000
0.288333	0.142857	0.914286	 1.000000	0.995886	0.973902	0.492000	 0.085714	 1.000000
0.290000	0.142857	0.914286	 1.000000	0.995886	0.973902	0.492000	 0.085714	 1.000000
0.291667	0.142857	0.914286	 1.000000	0.995886	0.973902	0.492000	 0.085714	 1.000000
0.293333	0.142857	0.914286	 1.000000	0.995886	0.973902	0.492000	 0.085714	 1.000000
0.295000	0.142857	0.914286	 1.000000	0.995886	0.973902	0.492000	 0.085714	 1.000000
0.296667	0.142857	0.914286	 1.000000	0.995886	0.973902	0.492000	 0.085714	 1.000000
0.298333	0.142857	0.914286	 1.000000	0.995886	0.973902	0.492000	 0.085714	 1.000000
0.300000	0.142857	0.914286	 1.000000	0.995886	0.973902	0.492000	 0.085714	 1.000000
0.301667	0.142857	0.914286	 1.000000	0.995886	0.973902	0.492000	 0.085714	 1.000000
0.303333	0.142857	0.914286	 1.000000	0.995886	0.973902	0.492000	 0.085714	 1.000000
0.305000	0.142857	0.914286	 1.000000	0.995886	0.973902	0.492000	 0.085714	 1.000000
0.306667	0.142857	0.914286	 1.000000	0.995886	0.973902	0.492000	 0.085714	 1.000000
0.308333	0.142857	0.914286	 1.000000	0.995886	0.973902	0.492000	 0.085714	 1.000000
0.310000	0.142857	0.914286	 1.000000	0.995886	0.973902	0.492000	 0.085714	 1.000000
0.311667	0.142857	0.914286	 1.000000	0.995886	0.973902	0.492000	 0.085714	 1.000000
0.313333	0.142857	0.914286	 1.000000	0.995886	0.973902	0.492000	 0.085714	 1.000000
0.315000	0.142857	0.914286	 1.000000	0.995886	0.973902	0.492000	 0.085714	 1.000000
0.316667	0.142857	0.914286	 1.000000	0.995886	0.973902	0.492000	 0.085714	 1.000000
0.318333	0.142857	0.914286	 1.000000	0.995886	0.973902	0.492000	 0.085714	 1.000000
0.320000	0.142857	0.914286	 1.000000	0.995886	0.973902	0.492000	 0.085714	 1.000000
0.321667	0.285714	0.828571	 1.000000	0.991771	0.947805	0.492000	 0.171429	 1.000000
0.323333	0.285714	0.828571	 1.000000	0.991771	0.947805	0.492000	 0.171429	 1.000000
0.325000	0.285714	0.828571	 1.000000	0.991771	0.947805	0.492000	 0.171429	 1.000000
0.326667	0.285714	0.828571	 1.000000	0.991771	0.947805	0.492000	 0.171429	 1.000000
0.328333	0.285714	0.828571	 1.000000	0.991771	0.947805	0.492000	 0.171429	 1.000000
0.330000	0.285714	0.828571	 1.000000	0.991771	0.947805	0.492000	 0.171429	 1.000000
0.331667	0.285714	0.828571	 1.000000	0.991771	0.947805	0.492000	 0.171429	 1.000000
0.333333	0.285714	0.828571	 1.000000	0.991771	0.947805	0.492000	 0.171429	 1.000000
0.335000	0.285714	0.828571	 1.000000	0.991771	0.947805	0.492000	 0.171429	 1.000000
0.336667	0.285714	0.828571	 1.000000	0.991771	0.947805	0.492000	 0.171429	 1.000000
0.338333	0.285714	0.828571	 1.000000	0.991771	0.947805	0.492000	 0.171429	 1.000000
0.340000	0.285714	0.828571	 1.000000	0.991771	0.947805	0.492000	 0.171429	 1.000000
0.341667	0.285714	0.828571	 1.000000	0.991771	0.947805	0.492000	 0.171429	 1.000000
0.343333	0.285714	0.828571	 1.000000	0.991771	0.947805	0.492000	 0.171429	 1.000000
0.345000	0.285714	0.828571	 1.000000	0.991771	0.947805	0.492000	 0.171429	 1.000000
0.346667	0.285714	0.828571	 1.000000	0.991771	0.947805	0.492000	 0.171429	 1.000000
0.348333	0.285714	0.828571	 1.000000	0.991771	0.947805	0.492000	 0.171429	 1.000000
0.350000	0.285714	0.828571	 1.000000	0.991771	0.947805	0.492000	 0.171429	 1.000000
0.351667	0.285714	0.828571	 1.000000	0.991771	0.947805	0.492000	 0.171429	 1.000000
0.353333	0.285714	0.828571	 1.000000	0.991771	0.947805	0.492000	 0.171429	 1.000000
0.355000	0.285714	0.828571	 1.000000	0.991771	0.947805	0.492000	 0.171429	 1.000000
0.356667	0.285714	0.828571	 1.000000	0.991771	0.947805	0.492000	 0.171429	 1.000000
0.358333	0.428571	0.742857	 1.000000	0.987657	0.921707	0.492000	 0.257143	 1.000000
0.360000	0.428571	0.742857	 1.000000	0.987657	0.921707	0.492000	 0.257143	 1.000000
0.361667	0.428571	0.742857	 1.000000	0.987657	0.921707	0.492000	 0.257143	 1.000000
0.363333	0.428571	0.742857	 1.000000	0.987657	0.921707	0.492000	 0.257143	 1.000000
0.365000	0.428571	0.742857	 1.000000	0.987657	0.921707	0.492000	 0.257143	 1.000000
0.366667	0.428571	0.742857	 1.000000	0.987657	0.921707	0.492000	 0.257143	 1.000000
0.368333	0.428571	0.742857	 1.000000	0.987657	0.921707	0.492000	 0.257143	 1.000000
0.370000	0.428571	0.742857	 1.000000	0.987657	0.921707	0.492000	 0.257143	 1.000000
0.371667	0.428571	0.742857	 1.000000	0.987657	0.921707	0.492000	 0.257143	 1.000000
0.373333	0.428571	0.742857	 1.000000	0.987657	0.921707	0.492000	 0.257143	 1.000000
0.375000	0.428571	0.742857	 1.000000	0.987657	0.921707	0.492000	 0.257143	 1.000000
0.376667	0.428571	0.742857	 1.000000	0.987657	0.921707	0.492000	 0.257143	 1.000000
0.378333	0.428571	0.742857	 1.000000	0.987657	0.921707	0.492000	 0.257143	 1.000000
0.380000	0.428571	0.742857	 1.000000	0.987657	0.921707	0.492000	 0.257143	 1.000000
0.381667	0.428571	0.742857	 1.000000	0.987657	0.921707	0.492000	 0.257143	 1.000000
0.383333	0.428571	0.742857	 1.000000	0.987657	0.921707	0.492000	 0.257143	 1.000000
0.385000	0.428571	0.742857	 1.000000	0.987657	0.921707	0.492000	 0.257143	 1.000000
0.386667	0.428571	0.742857	 1.000000	0.987657	0.921707	0.492000	 0.257143	 1.000000
0.388333	0.428571	0.742857	 1.000000	0.987657	0.921707	0.492000	 0.257143	 1.000000
0.390000	0.428571	0.742857	 1.000000	0.987657	0.921707	0.492000	 0.257143	 1.000000
0.391667	0.428571	0.742857	 1.000000	0.987657	0.921707	0.492000	 0.257143	 1.000000
0.393333	0.571429	0.657143	 1.000000	0.983543	0.895610	0.492000	 0.342857	 1.000000
0.395000	0.571429	0.657143	 1.000000	0.983543	0.895610	0.492000	 0.342857	 1.000000
0.396667	0.571429	0.657143	 1.000000	0.983543	0.895610	0.492000	 0.342857	 1.000000
0.398333	0.571429	0.657143	 1.000000	0.983543	0.895610	0.492000	 0.342857	 1.000000
0.400000	0.571429	0.657143	 1.000000	0.983543	0.895610	0.492000	 0.342857	 1.000000
0.401667	0.571429	0.657143	 1.000000	0.983543	0.895610	0.492000	 0.342857	 1.000000
0.403333	0.571429	0.657143	 1.000000	0.983543	0.895610	0.492000	 0.342857	 1.000000
0.405000	0.571429	0.657143	 1.000000	0.983543	0.895610	0.492000	 0.342857	 1.000000
0.406667	0.571429	0.657143	 1.000000	0.983543	0.895610	0.492000	 0.342857	 1.000000
0.408333	0.571429	0.657143	 1.000000	0.983543	0.895610	0.492000	 0.342857	 1.000000
0.410000	0.571429	0.657143	 1.000000	0.983543	0.895610	0.492000	 0.342857	 1.000000
0.411667	0.571429	0.657143	 1.000000	0.983543	0.895610	0.492000	 0.342857	 1.000000
0.413333	0.571429	0.657143	 1.000000	0.983543	0.895610	0.492000	 0.342857	 1.000000
0.415000	0.571429	0.657143	 1.000000	0.983543	0.895610	0.492000	 0.342857	 1.000000
0.416667	0.571429	0.657143	 1.000000	0.983543	0.895610	0.492000	 0.342857	 1.000000
0.418333	0.571429	0.657143	 1.000000	0.983543	0.895610	0.492000	 0.342857	 1.000000
0.420000	0.571429	0.657143	 1.000000	0.983543	0.895610	0.492000	 0.342857	 1.000000
0.421667	0.571429	0.657143	 1.000000	0.983543	0.895610	0.492000	 0.342857	 1.000000
0.423333	0.571429	0.657143	 1.000000	0.983543	0.895610	0.492000	 0.342857	 1.000000
0.425000	0.571429	0.657143	 1.000000	0.983543	0.895610	0.492000	 0.342857	 1.000000
0.426667	0.571429	0.657143	 1.000000	0.983543	0.895610	0.492000	 0.342857	 1.000000
0.428333	0.571429	0.657143	 1.000000	0.983543	0.895610	0.492000	 0.342857	 1.000000
0.430000	0.714286	0.571429	 1.000000	0.979429	0.869512	0.492000	 0.428571	 1.000000
0.431667	0.714286	0.571429	 1.000000	0.979429	0.869512	0.492000	 0.428571	 1.000000
0.433333	0.714286	0.571429	 1.000000	0.979429	0.869512	0.492000	 0.428571	 1.000000
0.435000	0.714286	0.571429	 1.000000	0.979429	0.869512	0.492000	 0.428571	 1.000000
0.436667	0.714286	0.571429	 1.000000	0.979429	0.869512	0.492000	 0.428571	 1.000000
0.438333	0.714286	0.571429	 1.000000	0.979429	0.869512	0.492000	 0.428571	 1.000000
0.440000	0.714286	0.571429	 1.000000	0.979429	0.869512	0.492000	 0.428571	 1.000000
0.441667	0.714286	0.571429	 1.000000	0.979429	0.869512	0.492000	 0.428571	 1.000000
0.443333	0.714286	0.571429	 1.000000	0.979429	0.869512	0.492000	 0.428571	 1.000000
0.445000	0.714286	0.571429	 1.000000	0.979429	0.869512	0.492000	 0.428571	 1.000000
0.446667	0.714286	0.571429	 1.000000	0.979429	0.869512	0.492000	 0.428571	 1.000000
0.448333	0.714286	0.571429	 1.000000	0.979429	0.869512	0.492000	 0.428571	 1.000000
0.450000	0.714286	0.571429	 1.000000	0.979429	0.869512	0.492000	 0.428571	 1.000000
0.451667	0.714286	0.571429	 1.000000	0.979429	0.869512	0.492000	 0.428571	 1.000000
0.453333	0.714286	0.571429	 1.000000	0.979429	0.869512	0.492000	 0.428571	 1.000000
0.455000	0.714286	0.571429	 1.000000	0.979429	0.869512	0.492000	 0.428571	 1.000000
0.456667	0.714286	0.571429	 1.000000	0.979429	0.869512	0.492000	 0.428571	 1.000000
0.458333	0.714286	0.571429	 1.000000	0.979429	0.869512	0.492000	 0.428571	 1.000000
0.460000	0.714286	0.571429	 1.000000	0.979429	0.869512	0.492000	 0.428571	 1.000000
0.461667	0.714286	0.571429	 1.000000	0.979429	0.869512	0.492000	 0.428571	 1.000000
0.463333	0.714286	0.571429	 1.000000	0.979429	0.869512	0.492000	 0.428571	 1.000000
0.465000	0.857143	0.485714	 1.000000	0.975314	0.843414	0.492000	 0.514286	 1.000000
0.466667	0.857143	0.485714	 1.000000	0.975314	0.843414	0.492000	 0.514286	 1.000000
0.468333	0.857143	0.485714	 1.000000	0.975314	0.843414	0.492000	 0.514286	 1.000000
0.470000	0.857143	0.485714	 1.000000	0.975314	0.843414	0.492000	 0.514286	 1.000000
0.471667	0.857143	0.485714	 1.000000	0.975314	0.843414	0.492000	 0.514286	 1.000000
0.473333	0.857143	0.485714	 1.000000	0.975314	0.843414	0.492000	 0.514286	 1.000000
0.475000	0.857143	0.485714	 1.000000	0.975314	0.843414	0.492000	 0.514286	 1.000000
0.476667	0.857143	0.485714	 1.000000	0.975314	0.843414	0.492000	 0.514286	 1.000000
0.478333	0.857143	0.485714	 1.000000	0.975314	0.843414	0.492000	 0.514286	 1.000000
0.480000	0.857143	0.485714	 1.000000	0.975314	0.843414	0.492000	 0.514286	 1.000000
0.481667	0.857143	0.485714	 1.000000	0.975314	0.843414	0.492000	 0.514286	 1.000000
0.483333	0.857143	0.485714	 1.000000	0.975314	0.843414	0.492000	 0.514286	 1.000000
0.485000	0.857143	0.485714	 1.000000	0.975314	0.843414	0.492000	 0.514286	 1.000000
0.486667	0.857143	0.485714	 1.000000	0.975314	0.843414	0.492000	 0.514286	 1.000000
0.488333	0.857143	0.485714	 1.000000	0.975314	0.843414	0.492000	 0.514286	 1.000000
0.490000	0.857143	0.485714	 1.000000	0.975314	0.843414	0.492000	 0.514286	 1.000000
0.491667	0.857143	0.485714	 1.000000	0.975314	0.843414	0.492000	 0.514286	 1.000000
0.493333	0.857143	0.485714	 1.000000	0.975314	0.843414	0.492000	 0.514286	 1.000000
0.495000	0.857143	0.485714	 1.000000	0.975314	0.843414	0.492000	 0.514286	 1.000000
0.496667	0.857143	0.485714	 1.000000	0.975314	0.843414	0.492000	 0.514286	 1.000000
0.498333	0.857143	0.485714	 1.000000	0.975314	0.843414	0.492000	 0.514286	 1.000000
0.500000	0.000000	1.000000	 1.000000	1.000000	1.000000	0.492000	 0.000000	 1.000000
0.501667	0.000000	1.000000	 1.000000	1.000000	1.000000	0.492000	 0.000000	 1.000000
0.503333	0.000000	1.000000	 1.000000	1.000000	1.000000	0.492000	 0.000000	 1.000000
0.505000	0.000000	1.000000	 1.000000	1.000000	1.000000	0.492000	 0.000000	 1.000000
0.506667	0.000000	1.000000	 1.000000	1.000000	1.000000	0.492000	 0.000000	 1.000000
0.508333	0.000000	1.000000	 1.000000	1.000000	1.000000	0.492000	 0.000000	 1.000000
0.510000	0.000000	1.000000	 1.000000	1.000000	1.000000	0.492000	 0.000000	 1.000000
0.511667	0.000000	1.000000	 1.000000	1.000000	1.000000	0.492000	 0.000000	 1.000000
0.513333	0.000000	1.000000	 1.000000	1.000000	1.000000	0.492000	 0.000000	 1.000000
0.515000	0.000000	1.000000	 1.000000	1.000000	1.000000	0.492000	 0.000000	 1.000000
0.516667	0.000000	1.000000	 1.000000	1.000000	1.000000	0.492000	 0.000000	 1.000000
0.518333	0.000000	1.000000	 1.000000	1.000000	1.000000	0.492000	 0.000000	 1.000000
0.520000	0.000000	1.000000	 1.000000	1.000000	1.000000	0.492000	 0.000000	 1.000000
0.521667	0.000000	1.000000	 1.000000	1.000000	1.000000	0.492000	 0.000000	 1.000000
0.523333	0.000000	1.000000	 1.000000	1.000000	1.000000	0.492000	 0.000000	 1.000000
0.525000	0.000000	1.000000	 1.000000	1.000000	1.000000	0.492000	 0.000000	 1.000000
0.526667	0.000000	1.000000	 1.000000	1.000000	1.000000	0.492000	 0.000000	 1.000000
0.528333	0.000000	1.000000	 1.000000	1.000000	1.000000	0.492000	 0.000000	 1.000000
0.530000	0.000000	1.000000	 1.000000	1.000000	1.000000	0.492000	 0.000000	 1.000000
0.531667	0.000000	1.000000	 1.000000	1.000000	1.000000	0.492000	 0.000000	 1.000000
0.533333	0.000000	1.000000	 1.000000	1.000000	1.000000	0.492000	 0.000000	 1.000000
0.535000	0.000000	1.000000	 1.000000	1.000000	1.000000	0.492000	 0.000000	 1.000000
0.536667	0.142857	0.914286	 1.000000	0.995886	0.973902	0.492000	 0.085714	 1.000000
0.538333	0.142857	0.914286	 1.000000	0.995886	0.973902	0.492000	 0.085714	 1.000000
0.540000	0.142857	0.914286	 1.000000	0.995886	0.973902	0.492000	 0.085714	 1.000000
0.541667	0.142857	0.914286	 1.000000	0.995886	0.973902	0.492000	 0.085714	 1.000000
0.543333	0.142857	0.914286	 1.000000	0.995886	0.973902	0.492000	 0.085714	 1.000000
0.545000	0.142857	0.914286	 1.000000	0.995886	0.973902	0.492000	 0.085714	 1.000000
0.546667	0.142857	0.914286	 1.000000	0.995886	0.973902	0.492000	 0.085714	 1.000000
0.548333	0.142857	0.914286	 1.000000	0.995886	0.973902	0.492000	 0.085714	 1.000000
0.550000	0.142857	0.914286	 1.000000	0.995886	0.973902	0.492000	 0.085714	 1.000000
0.551667	0.142857	0.914286	 1.000000	0.995886	0.973902	0.492000	 0.085714	 1.000000
0.553333	0.142857	0.914286	 1.000000	0.995886	0.973902	0.492000	 0.085714	 1.000000
0.555000	0.142857	0.914286	 1.000000	0.995886	0.973902	0.492000	 0.085714	 1.000000
0.556667	0.142857	0.914286	 1.000000	0.995886	0.973902	0.492000	 0.085714	 1.000000
0.558333	0.142857	0.914286	 1.000000	0.995886	0.973902	0.492000	 0.085714	 1.000000
0.560000	0.142857	0.914286	 1.000000	0.995886	0.973902	0.492000	 0.085714	 1.000000
0.561667	0.142857	0.914286	 1.000000	0.995886	0.973902	0.492000	 0.085714	 1.000000
0.563333	0.142857	0.914286	 1.000000	0.995886	0.973902	0.492000	 0.085714	 1.000000
0.565000	0.142857	0.914286	 1.000000	0.995886	0.973902	0.492000	 0.085714	 1.000000
0.566667	0.142857	0.914286	 1.000000	0.995886	0.973902	0.492000	 0.085714	 1.000000
0.568333	0.142857	0.914286	 1.000000	0.995886	0.973902	0.492000	 0.085714	 1.000000
0.570000	0.142857	0.914286	 1.000000	0.995886	0.973902	0.492000	 0.085714	 1.000000
0.571667	0.285714	0.828571	 1.000000	0.991771	0.947805	0.492000	 0.171429	 1.000000
0.573333	0.285714	0.828571	 1.000000	0.991771	0.947805	0.492000	 0.171429	 1.000000
0.575000	0.285714	0.828571	 1.000000	0.991771	0.947805	0.492000	 0.171429	 1.000000
0.576667	0.285714	0.828571	 1.000000	0.991771	0.947805	0.492000	 0.171429	 1.000000
0.578333	0.285714	0.828571	 1.000000	0.991771	0.947805	0.492000	 0.171429	 1.000000
0.580000	0.285714	0.828571	 1.000000	0.991771	0.947805	0.492000	 0.171429	 1.000000
0.581667	0.285714	0.828571	 1.000000	0.991771	0.947805	0.492000	 0.171429	 1.000000
0.583333	0.285714	0.828571	 1.000000	0.991771	0.947805	0.492000	 0.171429	 1.000000
0.585000	0.285714	0.828571	 1.000000	0.991771	0.947805	0.492000	 0.171429	 1.000000
0.586667	0.285714	0.828571	 1.000000	0.991771	0.947805	0.492000	 0.171429	 1.000000
0.588333	0.285714	0.828571	 1.000000	0.991771	0.947805	0.492000	 0.171429	 1.000000
0.590000	0.285714	0.828571	 1.000000	0.991771	0.947805	0.492000	 0.171429	 1.000000
0.591667	0.285714	0.828571	 1.000000	0.991771	0.947805	0.492000	 0.171429	 1.000000
0.593333	0.285714	0.828571	 1.000000	0.991771	0.947805	0.492000	 0.171429	 1.000000
0.595000	0.285714	0.828571	 1.000000	0.991771	0.947805	0.492000	 0.171429	 1.000000
0.596667	0.285714	0.828571	 1.000000	0.991771	0.947805	0.492000	 0.171429	 1.000000
0.598333	0.285714	0.828571	 1.000000	0.991771	0.947805	0.492000	 0.171429	 1.000000
0.600000	0.285714	0.828571	 1.000000	0.991771	0.947805	0.492000	 0.171429	 1.000000
0.601667	0.285714	0.828571	 1.000000	0.991771	0.947805	0.492000	 0.171429	 1.000000
0.603333	0.285714	0.828571	 1.000000	0.991771	0.947805	0.492000	 0.171429	 1.000000
0.605000	0.285714	0.828571	 1.000000	0.991771	0.947805	0.492000	 0.171429	 1.000000
0.606667	0.285714	0.828571	 1.000000	0.991771	0.947805	0.492000	 0.171429	 1.000000
0.608333	0.428571	0.742857	 1.000000	0.987657	0.921707	0.492000	 0.257143	 1.000000
0.610000	0.428571	0.742857	 1.000000	0.987657	0.921707	0.492000	 0.257143	 1.000000
0.611667	0.428571	0.742857	 1.000000	0.987657	0.921707	0.492000	 0.257143	 1.000000
0.613333	0.428571	0.742857	 1.000000	0.987657	0.921707	0.492000	 0.257143	 1.000000
0.615000	0.428571	0.742857	 1.000000	0.987657	0.921707	0.492000	 0.257143	 1.000000
0.616667	0.428571	0.742857	 1.000000	0.987657	0.921707	0.492000	 0.257143	 1.000000
0.618333	0.428571	0.742857	 1.000000	0.987657	0.921707	0.492000	 0.257143	 1.000000
0.620000	0.428571	0.742857	 1.000000	0.987657	0.921707	0.492000	 0.257143	 1.000000
0.621667	0.428571	0.742857	 1.000000	0.987657	0.921707	0.492000	 0.257143	 1.000000
0.623333	0.428571	0.742857	 1.000000	0.987657	0.921707	0.492000	 0.257143	 1.000000
0.625000	0.428571	0.742857	 1.000000	0.987657	0.921707	0.492000	 0.257143	 1.000000
0.626667	0.428571	0.742857	 1.000000	0.987657	0.921707	0.492000	 0.257143	 1.000000
0.628333	0.428571	0.742857	 1.000000	0.987657	0.921707	0.492000	 0.257143	 1.000000
0.630000	0.428571	0.742857	 1.000000	0.987657	0.921707	0.492000	 0.257143	 1.000000
0.631667	0.428571	0.742857	 1.000000	0.987657	0.921707	0.492000	 0.257143	 1.000000
0.633333	0.428571	0.742857	 1.000000	0.987657	0.921707	0.492000	 0.257143	 1.000000
0.635000	0.428571	0.742857	 1.000000	0.987657	0.921707	0.492000	 0.257143	 1.000000
0.636667	0.428571	0.742857	 1.000000	0.987657	0.921707	0.492000	 0.257143	 1.000000
0.638333	0.428571	0.742857	 1.000000	0.987657	0.921707	0.492000	 0.257143	 1.000000
0.640000	0.428571	0.742857	 1.000000	0.987657	0.921707	0.492000	 0.257143	 1.000000
0.641667	0.428571	0.742857	 1.000000	0.987657	0.921707	0.492000	 0.257143	 1.000000
0.643333	0.571429	0.657143	 1.000000	0.983543	0.895610	0.492000	 0.342857	 1.000000
0.645000	0.571429	0.657143	 1.000000	0.983543	0.895610	0.492000	 0.342857	 1.000000
0.646667	0.571429	0.657143	 1.000000	0.983543	0.895610	0.492000	 0.342857	 1.000000
0.648333	0.571429	0.657143	 1.000000	0.983543	0.895610	0.492000	 0.342857	 1.000000
0.650000	0.571429	0.657143	 1.000000	0.983543	0.895610	0.492000	 0.342857	 1.000000
0.651667	0.571429	0.657143	 1.000000	0.983543	0.895610	0.492000	 0.342857	 1.000000
0.653333	0.571429	0.657143	 1.000000	0.983543	0.895610	0.492000	 0.342857	 1.000000
0.655000	0.571429	0.657143	 1.000000	0.983543	0.895610	0.492000	 0.342857	 1.000000
0.656667	0.571429	0.657143	 1.000000	0.983543	0.895610	0.492000	 0.342857	 1.000000
0.658333	0.571429	0.657143	 1.000000	0.983543	0.895610	0.492000	 0.342857	 1.000000
0.660000	0.571429	0.657143	 1.000000	0.983543	0.895610	0.492000	 0.342857	 1.000000
0.661667	0.571429	0.657143	 1.000000	0.983543	0.895610	0.492000	 0.342857	 1.000000
0.663333	0.571429	0.657143	 1.000000	0.983543	0.895610	0.492000	 0.342857	 1.000000
0.665000	0.571429	0.657143	 1.000000	0.983543	0.895610	0.492000	 0.342857	 1.000000
0.666667	0.571429	0.657143	 1.000000	0.983543	0.895610	0.492000	 0.342857	 1.000000
0.668333	0.571429	0.657143	 1.000000	0.983543	0.895610	0.492000	 0.342857	 1.000000
0.670000	0.571429	0.657143	 1.000000	0.983543	0.895610	0.492000	 0.342857	 1.000000
0.671667	0.571429	0.657143	 1.000000	0.983543	0.895610	0.492000	 0.342857	 1.000000
0.673333	0.571429	0.657143	 1.000000	0.983543	0.895610	0.492000	 0.342857	 1.000000
0.675000	0.571429	0.657143	 1.000000	0.983543	0.895610	0.492000	 0.342857	 1.000000
0.676667	0.571429	0.657143	 1.000000	0.983543	0.895610	0.492000	 0.342857	 1.000000
0.678333	0.571429	0.657143	 1.000000	0.983543	0.895610	0.492000	 0.342857	 1.000000
0.680000	0.714286	0.571429	 1.000000	0.979429	0.869512	0.492000	 0.428571	 1.000000
0.681667	0.714286	0.571429	 1.000000	0.979429	0.869512	0.492000	 0.428571	 1.000000
0.683333	0.714286	0.571429	 1.000000	0.979429	0.869512	0.492000	 0.428571	 1.000000
0.685000	0.714286	0.571429	 1.000000	0.979429	0.869512	0.492000	 0.428571	 1.000000
0.686667	0.714286	0.571429	 1.000000	0.979429	0.869512	0.492000	 0.428571	 1.000000
0.688333	0.714286	0.571429	 1.000000	0.979429	0.869512	0.492000	 0.428571	 1.000000
0.690000	0.714286	0.571429	 1.000000	0.979429	0.869512	0.492000	 0.428571	 1.000000
0.691667	0.714286	0.571429	 1.000000	0.979429	0.869512	0.492000	 0.428571	 1.000000
0.693333	0.714286	0.571429	 1.000000	0.979429	0.869512	0.492000	 0.428571	 1.000000
0.695000	0.714286	0.571429	 1.000000	0.979429	0.869512	0.492000	 0.428571	 1.000000
0.696667	0.714286	0.571429	 1.000000	0.979429	0.869512	0.492000	 0.428571	 1.000000
0.698333	0.714286	0.571429	 1.000000	0.979429	0.869512	0.492000	 0.428571	 1.000000
0.700000	0.714286	0.571429	 1.000000	0.979429	0.869512	0.492000	 0.428571	 1.000000
0.701667	0.714286	0.571429	 1.000000	0.979429	0.869512	0.492000	 0.428571	 1.000000
0.703333	0.714286	0.571429	 1.000000	0.979429	0.869512	0.492000	 0.428571	 1.000000
0.705000	0.714286	0.571429	 1.000000	0.979429	0.869512	0.492000	 0.428571	 1.000000
0.706667	0.714286	0.571429	 1.000000	0.979429	0.869512	0.492000	 0.428571	 1.000000
0.708333	0.714286	0.571429	 1.000000	0.979429	0.869512	0.492000	 0.428571	 1.000000
0.710000	0.714286	0.571429	 1.000000	0.979429	0.869512	0.492000	 0.428571	 1.000000
0.711667	0.714286	0.571429	 1.000000	0.979429	0.869512	0.492000	 0.428571	 1.000000
0.713333	0.714286	0.571429	 1.000000	0.979429	0.869512	0.492000	 0.428571	 1.000000
0.715000	0.857143	0.485714	 1.000000	0.975314	0.843414	0.492000	 0.514286	 1.000000
0.716667	0.857143	0.485714	 1.000000	0.975314	0.843414	0.492000	 0.514286	 1.000000
0.718333	0.857143	0.485714	 1.000000	0.975314	0.843414	0.492000	 0.514286	 1.000000
0.720000	0.857143	0.485714	 1.000000	0.975314	0.843414	0.492000	 0.514286	 1.000000
0.721667	0.857143	0.485714	 1.000000	0.975314	0.843414	0.492000	 0.514286	 1.000000
0.723333	0.857143	0.485714	 1.000000	0.975314	0.843414	0.492000	 0.514286	 1.000000
0.725000	0.857143	0.485714	 1.000000	0.975314	0.843414	0.492000	 0.514286	 1.000000
0.726667	0.857143	0.485714	 1.000000	0.975314	0.843414	0.492000	 0.514286	 1.000000
0.728333	0.857143	0.485714	 1.000000	0.975314	0.843414	0.492000	 0.514286	 1.000000
0.730000	0.857143	0.485714	 1.000000	0.975314	0.843414	0.492000	 0.514286	 1.000000
0.731667	0.857143	0.485714	 1.000000	0.975314	0.843414	0.492000	 0.514286	 1.000000
0.733333	0.857143	0.485714	 1.000000	0.975314	0.843414	0.492000	 0.514286	 1.000000
0.735000	0.857143	0.485714	 1.000000	0.975314	0.843414	0.492000	 0.514286	 1.000000
0.736667	0.857143	0.485714	 1.000000	0.975314	0.843414	0.492000	 0.514286	 1.000000
0.738333	0.857143	0.485714	 1.000000	0.975314	0.843414	0.492000	 0.514286	 1.000000
0.740000	0.857143	0.485714	 1.000000	0.975314	0.843414	0.492000	 0.514286	 1.000000
0.741667	0.857143	0.485714	 1.000000	0.975314	0.843414	0.492000	 0.514286	 1.000000
0.743333	0.857143	0.485714	 1.000000	0.975314	0.843414	0.492000	 0.514286	 1.000000
0.745000	0.857143	0.485714	 1.000000	0.975314	0.843414	0.492000	 0.514286	 1.000000
0.746667	0.857143	0.485714	 1.000000	0.975314	0.843414	0.492000	 0.514286	 1.000000
0.748333	0.857143	0.485714	 1.000000	0.975314	0.843414	0.492000	 0.514286	 1.000000
0.750000	0.000000	1.000000	 1.000000	1.000000	1.000000	0.492000	 0.000000	 1.000000
0.751667	0.000000	1.000000	 1.000000	1.000000	1.000000	0.492000	 0.000000	 1.000000
0.753333	0.000000	1.000000	 1.000000	1.000000	1.000000	0.492000	 0.000000	 1.000000
0.755000	0.000000	1.000000	 1.000000	1.000000	1.000000	0.492000	 0.000000	 1.000000
0.756667	0.000000	1.000000	 1.000000	1.000000	1.000000	0.492000	 0.000000	 1.000000
0.758333	0.000000	1.000000	 1.000000	1.000000	1.000000	0.492000	 0.000000	 1.000000
0.760000	0.000000	1.000000	 1.000000	1.000000	1.000000	0.492000	 0.000000	 1.000000
0.761667	0.000000	1.000000	 1.000000	1.000000	1.000000	0.492000	 0.000000	 1.000000
0.763333	0.000000	1.000000	 1.000000	1.000000	1.000000	0.492000	 0.000000	 1.000000
0.765000	0.000000	1.000000	 1.000000	1.000000	1.000000	0.492000	 0.000000	 1.000000
0.766667	0.000000	1.000000	 1.000000	1.000000	1.000000	0.492000	 0.000000	 1.000000
0.768333	0.000000	1.000000	 1.000000	1.000000	1.000000	0.492000	 0.000000	 1.000000
0.770000	0.000000	1.000000	 1.000000	1.000000	1.000000	0.492000	 0.000000	 1.000000
0.771667	0.000000	1.000000	 1.000000	1.000000	1.000000	0.492000	 0.000000	 1.000000
0.773333	0.000000	1.000000	 1.000000	1.000000	1.000000	0.492000	 0.000000	 1.000000
0.775000	0.000000	1.000000	 1.000000	1.000000	1.000000	0.492000	 0.000000	 1.000000
0.776667	0.000000	1.000000	 1.000000	1.000000	1.000000	0.492000	 0.000000	 1.000000
0.778333	0.000000	1.000000	 1.000000	1.000000	1.000000	0.492000	 0.000000	 1.000000
0.780000	0.000000	1.000000	 1.000000	1.000000	1.000000	0.492000	 0.000000	 1.000000
0.781667	0.000000	1.000000	 1.000000	1.000000	1.000000	0.492000	 0.000000	 1.000000
0.783333	0.000000	1.000000	 1.000000	1.000000	1.000000	0.492000	 0.000000	 1.000000
0.785000	0.000000	1.000000	 1.000000	1.000000	1.000000	0.492000	 0.000000	 1.000000
0.786667	0.142857	0.914286	 1.000000	0.995886	0.973902	0.492000	 0.085714	 1.000000
0.788333	0.142857	0.914286	 1.000000	0.995886	0.973902	0.492000	 0.085714	 1.000000
0.790000	0.142857	0.914286	 1.000000	0.995886	0.973902	0.492000	 0.085714	 1.000000
0.791667	0.142857	0.914286	 1.000000	0.995886	0.973902	0.492000	 0.085714	 1.000000
0.793333	0.142857	0.914286	 1.000000	0.995886	0.973902	0.492000	 0.085714	 1.000000
0.795000	0.142857	0.914286	 1.000000	0.995886	0.973902	0.492000	 0.085714	 1.000000
0.796667	0.142857	0.914286	 1.000000	0.995886	0.973902	0.492000	 0.085714	 1.000000
0.798333	0.142857	0.914286	 1.000000	0.995886	0.973902	0.492000	 0.085714	 1.000000
0.800000	0.142857	0.914286	 1.000000	0.995886	0.973902	0.492000	 0.085714	 1.000000
0.801667	0.142857	0.914286	 1.000000	0.995886	0.973902	0.492000	 0.085714	 1.000000
0.803333	0.142857	0.914286	 1.000000	0.995886	0.973902	0.492000	 0.085714	 1.000000
0.805000	0.142857	0.914286	 1.000000	0.995886	0.973902	0.492000	 0.085714	 1.000000
0.806667	0.142857	0.914286	 1.000000	0.995886	0.973902	0.492000	 0.085714	 1.000000
0.808333	0.142857	0.914286	 1.000000	0.995886	0.973902	0.492000	 0.085714	 1.000000
0.810000	0.142857	0.914286	 1.000000	0.995886	0.973902	0.492000	 0.085714	 1.000000
0.811667	0.142857	0.914286	 1.000000	0.995886	0.973902	0.492000	 0.085714	 1.000000
0.813333	0.142857	0.914286	 1.000000	0.995886	0.973902	0.492000	 0.085714	 1.000000
0.815000	0.142857	0.914286	 1.000000	0.995886	0.973902	0.492000	 0.085714	 1.000000
0.816667	0.142857	0.914286	 1.000000	0.995886	0.973902	0.492000	 0.085714	 1.000000
0.818333	0.142857	0.914286	 1.000000	0.995886	0.973902	0.492000	 0.085714	 1.000000
0.820000	0.142857	0.914286	 1.000000	0.995886	0.973902	0.492000	 0.085714	 1.000000
0.821667	0.285714	0.828571	 1.000000	0.991771	0.947805	0.492000	 0.171429	 1.000000
0.823333	0.285714	0.828571	 1.000000	0.991771	0.947805	0.492000	 0.171429	 1.000000
0.825000	0.285714	0.828571	 1.000000	0.991771	0.947805	0.492000	 0.171429	 1.000000
0.826667	0.285714	0.828571	 1.000000	0.991771	0.947805	0.492000	 0.171429	 1.000000
0.828333	0.285714	0.828571	 1.000000	0.991771	0.947805	0.492000	 0.171429	 1.000000
0.830000	0.285714	0.828571	 1.000000	0.991771	0.947805	0.492000	 0.171429	 1.000000
0.831667	0.285714	0.828571	 1.000000	0.991771	0.947805	0.492000	 0.171429	 1.000000
0.833333	0.285714	0.828571	 1.000000	0.991771	0.947805	0.492000	 0.171429	 1.000000
0.835000	0.285714	0.828571	 1.000000	0.991771	0.947805	0.492000	 0.171429	 1.000000
0.836667	0.285714	0.828571	 1.000000	0.991771	0.947805	0.492000	 0.171429	 1.000000
0.838333	0.285714	0.828571	 1.000000	0.991771	0.947805	0.492000	 0.171429	 1.000000
0.840000	0.285714	0.828571	 1.000000	0.991771	0.947805	0.492000	 0.171429	 1.000000
0.841667	0.285714	0.828571	 1.000000	0.991771	0.947805	0.492000	 0.171429	 1.000000
0.843333	0.285714	0.828571	 1.000000	0.991771	0.947805	0.492000	 0.171429	 1.000000
0.845000	0.285714	0.828571	 1.000000	0.991771	0.947805	0.492000	 0.171429	 1.000000
0.846667	0.285714	0.828571	 1.000000	0.991771	0.947805	0.492000	 0.171429	 1.000000
0.848333	0.285714	0.828571	 1.000000	0.991771	0.947805	0.492000	 0.171429	 1.000000
0.850000	0.285714	0.828571	 1.000000	0.991771	0.947805	0.492000	 0.171429	 1.000000
0.851667	0.285714	0.828571	 1.000000	0.991771	0.947805	0.492000	 0.171429	 1.000000
0.853333	0.285714	0.828571	 1.000000	0.991771	0.947805	0.492000	 0.171429	 1.000000
0.855000	0.285714	0.828571	 1.000000	0.991771	0.947805	0.492000	 0.171429	 1.000000
0.856667	0.285714	0.828571	 1.000000	0.991771	0.947805	0.492000	 0.171429	 1.000000
0.858333	0.428571	0.742857	 1.000000	0.987657	0.921707	0.492000	 0.257143	 1.000000
0.860000	0.428571	0.742857	 1.000000	0.987657	0.921707	0.492000	 0.257143	 1.000000
0.861667	0.428571	0.742857	 1.000000	0.987657	0.921707	0.492000	 0.257143	 1.000000
0.863333	0.428571	0.742857	 1.000000	0.987657	0.921707	0.492000	 0.257143	 1.000000
0.865000	0.428571	0.742857	 1.000000	0.987657	0.921707	0.492000	 0.257143	 1.000000
0.866667	0.428571	0.742857	 1.000000	0.987657	0.921707	0.492000	 0.257143	 1.000000
0.868333	0.428571	0.742857	 1.000000	0.987657	0.921707	0.492000	 0.257143	 1.000000
0.870000	0.428571	0.742857	 1.000000	0.987657	0.921707	0.492000	 0.257143	 1.000000
0.871667	0.428571	0.742857	 1.000000	0.987657	0.921707	0.492000	 0.257143	 1.000000
0.873333	0.428571	0.742857	 1.000000	0.987657	0.921707	0.492000	 0.257143	 1.000000
0.875000	0.428571	0.742857	 1.000000	0.987657	0.921707	0.492000	 0.257143	 1.000000
0.876667	0.428571	0.742857	 1.000000	0.987657	0.921707	0.492000	 0.257143	 1.000000
0.878333	0.428571	0.742857	 1.000000	0.987657	0.921707	0.492000	 0.257143	 1.000000
0.880000	0.428571	0.742857	 1.000000	0.987657	0.921707	0.492000	 0.257143	 1.000000
0.881667	0.428571	0.742857	 1.000000	0.987657	0.921707	0.492000	 0.257143	 1.000000
0.883333	0.428571	0.742857	 1.000000	0.987657	0.921707	0.492000	 0.257143	 1.000000
0.885000	0.428571	0.742857	 1.000000	0.987657	0.921707	0.492000	 0.257143	 1.000000
0.886667	0.428571	0.742857	 1.000000	0.987657	0.921707	0.492000	 0.257143	 1.000000
0.888333	0.428571	0.742857	 1.000000	0.987657	0.921707	0.492000	 0.257143	 1.000000
0.890000	0.428571	0.742857	 1.000000	0.987657	0.921707	0.492000	 0.257143	 1.000000
0.891667	0.428571	0.742857	 1.000000	0.987657	0.921707	0.492000	 0.257143	 1.000000
0.893333	0.571429	0.657143	 1.000000	0.983543	0.895610	0.492000	 0.342857	 1.000000
0.895000	0.571429	0.657143	 1.000000	0.983543	0.895610	0.492000	 0.342857	 1.000000
0.896667	0.571429	0.657143	 1.000000	0.983543	0.895610	0.492000	 0.342857	 1.000000
0.898333	0.571429	0.657143	 1.000000	0.983543	0.895610	0.492000	 0.342857	 1.000000
0.900000	0.571429	0.657143	 1.000000	0.983543	0.895610	0.492000	 0.342857	 1.000000
0.901667	0.571429	0.657143	 1.000000	0.983543	0.895610	0.492000	 0.342857	 1.000000
0.903333	0.571429	0.657143	 1.000000	0.983543	0.895610	0.492000	 0.342857	 1.000000
0.905000	0.571429	0.657143	 1.000000	0.983543	0.895610	0.492000	 0.342857	 1.000000
0.906667	0.571429	0.657143	 1.000000	0.983543	0.895610	0.492000	 0.342857	 1.000000
0.908333	0.571429	0.657143	 1.000000	0.983543	0.895610	0.492000	 0.342857	 1.000000
0.910000	0.571429	0.657143	 1.000000	0.983543	0.895610	0.492000	 0.342857	 1.000000
0.911667	0.571429	0.657143	 1.000000	0.983543	0.895610	0.492000	 0.342857	 1.000000
0.913333	0.571429	0.657143	 1.000000	0.983543	0.895610	0.492000	 0.342857	 1.000000
0.915000	0.571429	0.657143	 1.000000	0.983543	0.895610	0.492000	 0.342857	 1.000000
0.916667	0.571429	0.657143	 1.000000	0.983543	0.895610	0.492000	 0.342857	 1.000000
0.918333	0.571429	0.657143	 1.000000	0.983543	0.895610	0.492000	 0.342857	 1.000000
0.920000	0.571429	0.657143	 1.000000	0.983543	0.895610	0.492000	 0.342857	 1.000000
0.921667	0.571429	0.657143	 1.000000	0.983543	0.895610	0.492000	 0.342857	 1.000000
0.923333	0.571429	0.657143	 1.000000	0.983543	0.895610	0.492000	 0.342857	 1.000000
0.925000	0.571429	0.657143	 1.000000	0.983543	0.895610	0.492000	 0.342857	 1.000000
0.926667	0.571429	0.657143	 1.000000	0.983543	0.895610	0.492000	 0.342857	 1.000000
0.928333	0.571429	0.657143	 1.000000	0.983543	0.895610	0.492000	 0.342857	 1.000000
0.930000	0.714286	0.571429	 1.000000	0.979429	0.869512	0.492000	 0.428571	 1.000000
0.931667	0.714286	0.571429	 1.000000	0.979429	0.869512	0.492000	 0.428571	 1.000000
0.933333	0.714286	0.571429	 1.000000	0.979429	0.869512	0.492000	 0.428571	 1.000000
0.935000	0.714286	0.571429	 1.000000	0.979429	0.869512	0.492000	 0.428571	 1.000000
0.936667	0.714286	0.571429	 1.000000	0.979429	0.869512	0.492000	 0.428571	 1.000000
0.938333	0.714286	0.571429	 1.000000	0.979429	0.869512	0.492000	 0.428571	 1.000000
0.940000	0.714286	0.571429	 1.000000	0.979429	0.869512	0.492000	 0.428571	 1.000000
0.941667	0.714286	0.571429	 1.000000	0.979429	0.869512	0.492000	 0.428571	 1.000000
0.943333	0.714286	0.571429	 1.000000	0.979429	0.869512	0.492000	 0.428571	 1.000000
0.945000	0.714286	0.571429	 1.000000	0.979429	0.869512	0.492000	 0.428571	 1.000000
0.946667	0.714286	0.571429	 1.000000	0.979429	0.869512	0.492000	 0.428571	 1.000000
0.948333	0.714286	0.571429	 1.000000	0.979429	0.869512	0.492000	 0.428571	 1.000000
0.950000	0.714286	0.571429	 1.000000	0.979429	0.869512	0.492000	 0.428571	 1.000000
0.951667	0.714286	0.571429	 1.000000	0.979429	0.869512	0.492000	 0.428571	 1.000000
0.953333	0.714286	0.571429	 1.000000	0.979429	0.869512	0.492000	 0.428571	 1.000000
0.955000	0.714286	0.571429	 1.000000	0.979429	0.869512	0.492000	 0.428571	 1.000000
0.956667	0.714286	0.571429	 1.000000	0.979429	0.869512	0.492000	 0.428571	 1.000000
0.958333	0.714286	0.571429	 1.000000	0.979429	0.869512	0.492000	 0.428571	 1.000000
0.960000	0.714286	0.571429	 1.000000	0.979429	0.869512	0.492000	 0.428571	 1.000000
0.961667	0.714286	0.571429	 1.000000	0.979429	0.869512	0.492000	 0.428571	 1.000000
0.963333	0.714286	0.571429	 1.000000	0.979429	0.869512	0.492000	 0.428571	 1.000000
0.965000	0.857143	0.485714	 1.000000	0.975314	0.843414	0.492000	 0.514286	 1.000000
0.966667	0.857143	0.485714	 1.000000	0.975314	0.843414	0.492000	 0.514286	 1.000000
0.968333	0.857143	0.485714	 1.000000	0.975314	0.843414	0.492000	 0.514286	 1.000000
0.970000	0.857143	0.485714	 1.000000	0.975314	0.843414	0.492000	 0.514286	 1.000000
0.971667	0.857143	0.485714	 1.000000	0.975314	0.843414	0.492000	 0.514286	 1.000000
0.973333	0.857143	0.485714	 1.000000	0.975314	0.843414	0.492000	 0.514286	 1.000000
0.975000	0.857143	0.485714	 1.000000	0.975314	0.843414	0.492000	 0.514286	 1.000000
0.976667	0.857143	0.485714	 1.000000	0.975314	0.843414	0.492000	 0.514286	 1.000000
0.978333	0.857143	0.485714	 1.000000	0.975314	0.843414	0.492000	 0.514286	 1.000000
0.980000	0.857143	0.485714	 1.000000	0.975314	0.843414	0.492000	 0.514286	 1.000000
0.981667	0.857143	0.485714	 1.000000	0.975314	0.843414	0.492000	 0.514286	 1.000000
0.983333	0.857143	0.485714	 1.000000	0.975314	0.843414	0.492000	 0.514286	 1.000000
0.985000	0.857143	0.485714	 1.000000	0.975314	0.843414	0.492000	 0.514286	 1.000000
0.986667	0.857143	0.485714	 1.000000	0.975314	0.843414	0.492000	 0.514286	 1.000000
0.988333	0.857143	0.485714	 1.000000	0.975314	0.843414	0.492000	 0.514286	 1.000000
0.990000	0.857143	0.485714	 1.000000	0.975314	0.843414	0.492000	 0.514286	 1.000000
0.991667	0.857143	0.485714	 1.000000	0.975314	0.843414	0.492000	 0.514286	 1.000000
0.993333	0.857143	0.485714	 1.000000	0.975314	0.843414	0.492000	 0.514286	 1.000000
0.995000	0.857143	0.485714	 1.000000	0.975314	0.843414	0.492000	 0.514286	 1.000000
0.996667	0.857143	0.485714	 1.000000	0.975314	0.843414	0.492000	 0.514286	 1.000000
0.998333	0.857143	0.485714	 1.000000	0.975314	0.843414	0.492000	 0.514286	 1.000000
