#p 		 mp		 R 		 G 		B 		Y 	 h	s	v
0.000000	1.000000	0.400000	 0.586000	1.000000	0.577582	0.615000	 0.600000	 1.000000
0.001667	0.996667	0.402000	 0.587380	1.000000	0.578990	0.615000	 0.598000	 1.000000
0.003333	0.993333	0.404000	 0.588760	1.000000	0.580398	0.615000	 0.596000	 1.000000
0.005000	0.990000	0.406000	 0.590140	1.000000	0.581806	0.615000	 0.594000	 1.000000
0.006667	0.986667	0.408000	 0.591520	1.000000	0.583214	0.615000	 0.592000	 1.000000
0.008333	0.983333	0.410000	 0.592900	1.000000	0.584622	0.615000	 0.590000	 1.000000
0.010000	0.980000	0.412000	 0.594280	1.000000	0.586030	0.615000	 0.588000	 1.000000
0.011667	0.976667	0.414000	 0.595660	1.000000	0.587438	0.615000	 0.586000	 1.000000
0.013333	0.973333	0.416000	 0.597040	1.000000	0.588846	0.615000	 0.584000	 1.000000
0.015000	0.970000	0.418000	 0.598420	1.000000	0.590255	0.615000	 0.582000	 1.000000
0.016667	0.966667	0.420000	 0.599800	1.000000	0.591663	0.615000	 0.580000	 1.000000
0.018333	0.963333	0.422000	 0.601180	1.000000	0.593071	0.615000	 0.578000	 1.000000
0.020000	0.960000	0.424000	 0.602560	1.000000	0.594479	0.615000	 0.576000	 1.000000
0.021667	0.956667	0.426000	 0.603940	1.000000	0.595887	0.615000	 0.574000	 1.000000
0.023333	0.953333	0.428000	 0.605320	1.000000	0.597295	0.615000	 0.572000	 1.000000
0.025000	0.950000	0.430000	 0.606700	1.000000	0.598703	0.615000	 0.570000	 1.000000
0.026667	0.946667	0.432000	 0.608080	1.000000	0.600111	0.615000	 0.568000	 1.000000
0.028333	0.943333	0.434000	 0.609460	1.000000	0.601519	0.615000	 0.566000	 1.000000
0.030000	0.940000	0.436000	 0.610840	1.000000	0.602927	0.615000	 0.564000	 1.000000
0.031667	0.936667	0.438000	 0.612220	1.000000	0.604335	0.615000	 0.562000	 1.000000
0.033333	0.933333	0.440000	 0.613600	1.000000	0.605743	0.615000	 0.560000	 1.000000
0.035000	0.930000	0.442000	 0.614980	1.000000	0.607151	0.615000	 0.558000	 1.000000
0.036667	0.926667	0.444000	 0.616360	1.000000	0.608559	0.615000	 0.556000	 1.000000
0.038333	0.923333	0.446000	 0.617740	1.000000	0.609967	0.615000	 0.554000	 1.000000
0.040000	0.920000	0.448000	 0.619120	1.000000	0.611375	0.615000	 0.552000	 1.000000
0.041667	0.916667	0.450000	 0.620500	1.000000	0.612784	0.615000	 0.550000	 1.000000
0.043333	0.913333	0.452000	 0.621880	1.000000	0.614192	0.615000	 0.548000	 1.000000
0.045000	0.910000	0.454000	 0.623260	1.000000	0.615600	0.615000	 0.546000	 1.000000
0.046667	0.906667	0.456000	 0.624640	1.000000	0.617008	0.615000	 0.544000	 1.000000
0.048333	0.903333	0.458000	 0.626020	1.000000	0.618416	0.615000	 0.542000	 1.000000
0.050000	0.900000	0.460000	 0.627400	1.000000	0.619824	0.615000	 0.540000	 1.000000
0.051667	0.896667	0.462000	 0.628780	1.000000	0.621232	0.615000	 0.538000	 1.000000
0.053333	0.893333	0.464000	 0.630160	1.000000	0.622640	0.615000	 0.536000	 1.000000
0.055000	0.890000	0.466000	 0.631540	1.000000	0.624048	0.615000	 0.534000	 1.000000
0.056667	0.886667	0.468000	 0.632920	1.000000	0.625456	0.615000	 0.532000	 1.000000
0.058333	0.883333	0.470000	 0.634300	1.000000	0.626864	0.615000	 0.530000	 1.000000
0.060000	0.880000	0.472000	 0.635680	1.000000	0.628272	0.615000	 0.528000	 1.000000
0.061667	0.876667	0.474000	 0.637060	1.000000	0.629680	0.615000	 0.526000	 1.000000
0.063333	0.873333	0.476000	 0.638440	1.000000	0.631088	0.615000	 0.524000	 1.000000
0.065000	0.870000	0.478000	 0.639820	1.000000	0.632496	0.615000	 0.522000	 1.000000
0.066667	0.866667	0.480000	 0.641200	1.000000	0.633904	0.615000	 0.520000	 1.000000
0.068333	0.863333	0.482000	 0.642580	1.000000	0.635312	0.615000	 0.518000	 1.000000
0.070000	0.860000	0.484000	 0.643960	1.000000	0.636721	0.615000	 0.516000	 1.000000
0.071667	0.856667	0.486000	 0.645340	1.000000	0.638129	0.615000	 0.514000	 1.000000
0.073333	0.853333	0.488000	 0.646720	1.000000	0.639537	0.615000	 0.512000	 1.000000
0.075000	0.850000	0.490000	 0.648100	1.000000	0.640945	0.615000	 0.510000	 1.000000
0.076667	0.846667	0.492000	 0.649480	1.000000	0.642353	0.615000	 0.508000	 1.000000
0.078333	0.843333	0.494000	 0.650860	1.000000	0.643761	0.615000	 0.506000	 1.000000
0.080000	0.840000	0.496000	 0.652240	1.000000	0.645169	0.615000	 0.504000	 1.000000
0.081667	0.836667	0.498000	 0.653620	1.000000	0.646577	0.615000	 0.502000	 1.000000
0.083333	0.833333	0.500000	 0.655000	1.000000	0.647985	0.615000	 0.500000	 1.000000
0.085000	0.830000	0.502000	 0.656380	1.000000	0.649393	0.615000	 0.498000	 1.000000
0.086667	0.826667	0.504000	 0.657760	1.000000	0.650801	0.615000	 0.496000	 1.000000
0.088333	0.823333	0.506000	 0.659140	1.000000	0.652209	0.615000	 0.494000	 1.000000
0.090000	0.820000	0.508000	 0.660520	1.000000	0.653617	0.615000	 0.492000	 1.000000
0.091667	0.816667	0.510000	 0.661900	1.000000	0.655025	0.615000	 0.490000	 1.000000
0.093333	0.813333	0.512000	 0.663280	1.000000	0.656433	0.615000	 0.488000	 1.000000
0.095000	0.810000	0.514000	 0.664660	1.000000	0.657841	0.615000	 0.486000	 1.000000
0.096667	0.806667	0.516000	 0.666040	1.000000	0.659249	0.615000	 0.484000	 1.000000
0.098333	0.803333	0.518000	 0.667420	1.000000	0.660658	0.615000	 0.482000	 1.000000
0.100000	0.800000	0.520000	 0.668800	1.000000	0.662066	0.615000	 0.480000	 1.000000
0.101667	0.796667	0.522000	 0.670180	1.000000	0.663474	0.615000	 0.478000	 1.000000
0.103333	0.793333	0.524000	 0.671560	1.000000	0.664882	0.615000	 0.476000	 1.000000
0.105000	0.790000	0.526000	 0.672940	1.000000	0.666290	0.615000	 0.474000	 1.000000
0.106667	0.786667	0.528000	 0.674320	1.000000	0.667698	0.615000	 0.472000	 1.000000
0.108333	0.783333	0.530000	 0.675700	1.000000	0.669106	0.615000	 0.470000	 1.000000
0.110000	0.780000	0.532000	 0.677080	1.000000	0.670514	0.615000	 0.468000	 1.000000
0.111667	0.776667	0.534000	 0.678460	1.000000	0.671922	0.615000	 0.466000	 1.000000
0.113333	0.773333	0.536000	 0.679840	1.000000	0.673330	0.615000	 0.464000	 1.000000
0.115000	0.770000	0.538000	 0.681220	1.000000	0.674738	0.615000	 0.462000	 1.000000
0.116667	0.766667	0.540000	 0.682600	1.000000	0.676146	0.615000	 0.460000	 1.000000
0.118333	0.763333	0.542000	 0.683980	1.000000	0.677554	0.615000	 0.458000	 1.000000
0.120000	0.760000	0.544000	 0.685360	1.000000	0.678962	0.615000	 0.456000	 1.000000
0.121667	0.756667	0.546000	 0.686740	1.000000	0.680370	0.615000	 0.454000	 1.000000
0.123333	0.753333	0.548000	 0.688120	1.000000	0.681778	0.615000	 0.452000	 1.000000
0.125000	0.750000	0.550000	 0.689500	1.000000	0.683187	0.615000	 0.450000	 1.000000
0.126667	0.746667	0.552000	 0.690880	1.000000	0.684595	0.615000	 0.448000	 1.000000
0.128333	0.743333	0.554000	 0.692260	1.000000	0.686003	0.615000	 0.446000	 1.000000
0.130000	0.740000	0.556000	 0.693640	1.000000	0.687411	0.615000	 0.444000	 1.000000
0.131667	0.736667	0.558000	 0.695020	1.000000	0.688819	0.615000	 0.442000	 1.000000
0.133333	0.733333	0.560000	 0.696400	1.000000	0.690227	0.615000	 0.440000	 1.000000
0.135000	0.730000	0.562000	 0.697780	1.000000	0.691635	0.615000	 0.438000	 1.000000
0.136667	0.726667	0.564000	 0.699160	1.000000	0.693043	0.615000	 0.436000	 1.000000
0.138333	0.723333	0.566000	 0.700540	1.000000	0.694451	0.615000	 0.434000	 1.000000
0.140000	0.720000	0.568000	 0.701920	1.000000	0.695859	0.615000	 0.432000	 1.000000
0.141667	0.716667	0.570000	 0.703300	1.000000	0.697267	0.615000	 0.430000	 1.000000
0.143333	0.713333	0.572000	 0.704680	1.000000	0.698675	0.615000	 0.428000	 1.000000
0.145000	0.710000	0.574000	 0.706060	1.000000	0.700083	0.615000	 0.426000	 1.000000
0.146667	0.706667	0.576000	 0.707440	1.000000	0.701491	0.615000	 0.424000	 1.000000
0.148333	0.703333	0.578000	 0.708820	1.000000	0.702899	0.615000	 0.422000	 1.000000
0.150000	0.700000	0.580000	 0.710200	1.000000	0.704307	0.615000	 0.420000	 1.000000
0.151667	0.696667	0.582000	 0.711580	1.000000	0.705715	0.615000	 0.418000	 1.000000
0.153333	0.693333	0.584000	 0.712960	1.000000	0.707124	0.615000	 0.416000	 1.000000
0.155000	0.690000	0.586000	 0.714340	1.000000	0.708532	0.615000	 0.414000	 1.000000
0.156667	0.686667	0.588000	 0.715720	1.000000	0.709940	0.615000	 0.412000	 1.000000
0.158333	0.683333	0.590000	 0.717100	1.000000	0.711348	0.615000	 0.410000	 1.000000
0.160000	0.680000	0.592000	 0.718480	1.000000	0.712756	0.615000	 0.408000	 1.000000
0.161667	0.676667	0.594000	 0.719860	1.000000	0.714164	0.615000	 0.406000	 1.000000
0.163333	0.673333	0.596000	 0.721240	1.000000	0.715572	0.615000	 0.404000	 1.000000
0.165000	0.670000	0.598000	 0.722620	1.000000	0.716980	0.615000	 0.402000	 1.000000
0.166667	0.666667	0.600000	 0.724000	1.000000	0.718388	0.615000	 0.400000	 1.000000
0.168333	0.663333	0.602000	 0.725380	1.000000	0.719796	0.615000	 0.398000	 1.000000
0.170000	0.660000	0.604000	 0.726760	1.000000	0.721204	0.615000	 0.396000	 1.000000
0.171667	0.656667	0.606000	 0.728140	1.000000	0.722612	0.615000	 0.394000	 1.000000
0.173333	0.653333	0.608000	 0.729520	1.000000	0.724020	0.615000	 0.392000	 1.000000
0.175000	0.650000	0.610000	 0.730900	1.000000	0.725428	0.615000	 0.390000	 1.000000
0.176667	0.646667	0.612000	 0.732280	1.000000	0.726836	0.615000	 0.388000	 1.000000
0.178333	0.643333	0.614000	 0.733660	1.000000	0.728244	0.615000	 0.386000	 1.000000
0.180000	0.640000	0.616000	 0.735040	1.000000	0.729652	0.615000	 0.384000	 1.000000
0.181667	0.636667	0.618000	 0.736420	1.000000	0.731061	0.615000	 0.382000	 1.000000
0.183333	0.633333	0.620000	 0.737800	1.000000	0.732469	0.615000	 0.380000	 1.000000
0.185000	0.630000	0.622000	 0.739180	1.000000	0.733877	0.615000	 0.378000	 1.000000
0.186667	0.626667	0.624000	 0.740560	1.000000	0.735285	0.615000	 0.376000	 1.000000
0.188333	0.623333	0.626000	 0.741940	1.000000	0.736693	0.615000	 0.374000	 1.000000
0.190000	0.620000	0.628000	 0.743320	1.000000	0.738101	0.615000	 0.372000	 1.000000
0.191667	0.616667	0.630000	 0.744700	1.000000	0.739509	0.615000	 0.370000	 1.000000
0.193333	0.613333	0.632000	 0.746080	1.000000	0.740917	0.615000	 0.368000	 1.000000
0.195000	0.610000	0.634000	 0.747460	1.000000	0.742325	0.615000	 0.366000	 1.000000
0.196667	0.606667	0.636000	 0.748840	1.000000	0.743733	0.615000	 0.364000	 1.000000
0.198333	0.603333	0.638000	 0.750220	1.000000	0.745141	0.615000	 0.362000	 1.000000
0.200000	0.600000	0.640000	 0.751600	1.000000	0.746549	0.615000	 0.360000	 1.000000
0.201667	0.596667	0.642000	 0.752980	1.000000	0.747957	0.615000	 0.358000	 1.000000
0.203333	0.593333	0.644000	 0.754360	1.000000	0.749365	0.615000	 0.356000	 1.000000
0.205000	0.590000	0.646000	 0.755740	1.000000	0.750773	0.615000	 0.354000	 1.000000
0.206667	0.586667	0.648000	 0.757120	1.000000	0.752181	0.615000	 0.352000	 1.000000
0.208333	0.583333	0.650000	 0.758500	1.000000	0.753590	0.615000	 0.350000	 1.000000
0.210000	0.580000	0.652000	 0.759880	1.000000	0.754998	0.615000	 0.348000	 1.000000
0.211667	0.576667	0.654000	 0.761260	1.000000	0.756406	0.615000	 0.346000	 1.000000
0.213333	0.573333	0.656000	 0.762640	1.000000	0.757814	0.615000	 0.344000	 1.000000
0.215000	0.570000	0.658000	 0.764020	1.000000	0.759222	0.615000	 0.342000	 1.000000
0.216667	0.566667	0.660000	 0.765400	1.000000	0.760630	0.615000	 0.340000	 1.000000
0.218333	0.563333	0.662000	 0.766780	1.000000	0.762038	0.615000	 0.338000	 1.000000
0.220000	0.560000	0.664000	 0.768160	1.000000	0.763446	0.615000	 0.336000	 1.000000
0.221667	0.556667	0.666000	 0.769540	1.000000	0.764854	0.615000	 0.334000	 1.000000
0.223333	0.553333	0.668000	 0.770920	1.000000	0.766262	0.615000	 0.332000	 1.000000
0.225000	0.550000	0.670000	 0.772300	1.000000	0.767670	0.615000	 0.330000	 1.000000
0.226667	0.546667	0.672000	 0.773680	1.000000	0.769078	0.615000	 0.328000	 1.000000
0.228333	0.543333	0.674000	 0.775060	1.000000	0.770486	0.615000	 0.326000	 1.000000
0.230000	0.540000	0.676000	 0.776440	1.000000	0.771894	0.615000	 0.324000	 1.000000
0.231667	0.536667	0.678000	 0.777820	1.000000	0.773302	0.615000	 0.322000	 1.000000
0.233333	0.533333	0.680000	 0.779200	1.000000	0.774710	0.615000	 0.320000	 1.000000
0.235000	0.530000	0.682000	 0.780580	1.000000	0.776118	0.615000	 0.318000	 1.000000
0.236667	0.526667	0.684000	 0.781960	1.000000	0.777527	0.615000	 0.316000	 1.000000
0.238333	0.523333	0.686000	 0.783340	1.000000	0.778935	0.615000	 0.314000	 1.000000
0.240000	0.520000	0.688000	 0.784720	1.000000	0.780343	0.615000	 0.312000	 1.000000
0.241667	0.516667	0.690000	 0.786100	1.000000	0.781751	0.615000	 0.310000	 1.000000
0.243333	0.513333	0.692000	 0.787480	1.000000	0.783159	0.615000	 0.308000	 1.000000
0.245000	0.510000	0.694000	 0.788860	1.000000	0.784567	0.615000	 0.306000	 1.000000
0.246667	0.506667	0.696000	 0.790240	1.000000	0.785975	0.615000	 0.304000	 1.000000
0.248333	0.503333	0.698000	 0.791620	1.000000	0.787383	0.615000	 0.302000	 1.000000
0.250000	0.500000	0.700000	 0.793000	1.000000	0.788791	0.615000	 0.300000	 1.000000
0.251667	0.496667	0.702000	 0.794380	1.000000	0.790199	0.615000	 0.298000	 1.000000
0.253333	0.493333	0.704000	 0.795760	1.000000	0.791607	0.615000	 0.296000	 1.000000
0.255000	0.490000	0.706000	 0.797140	1.000000	0.793015	0.615000	 0.294000	 1.000000
0.256667	0.486667	0.708000	 0.798520	1.000000	0.794423	0.615000	 0.292000	 1.000000
0.258333	0.483333	0.710000	 0.799900	1.000000	0.795831	0.615000	 0.290000	 1.000000
0.260000	0.480000	0.712000	 0.801280	1.000000	0.797239	0.615000	 0.288000	 1.000000
0.261667	0.476667	0.714000	 0.802660	1.000000	0.798647	0.615000	 0.286000	 1.000000
0.263333	0.473333	0.716000	 0.804040	1.000000	0.800055	0.615000	 0.284000	 1.000000
0.265000	0.470000	0.718000	 0.805420	1.000000	0.801464	0.615000	 0.282000	 1.000000
0.266667	0.466667	0.720000	 0.806800	1.000000	0.802872	0.615000	 0.280000	 1.000000
0.268333	0.463333	0.722000	 0.808180	1.000000	0.804280	0.615000	 0.278000	 1.000000
0.270000	0.460000	0.724000	 0.809560	1.000000	0.805688	0.615000	 0.276000	 1.000000
0.271667	0.456667	0.726000	 0.810940	1.000000	0.807096	0.615000	 0.274000	 1.000000
0.273333	0.453333	0.728000	 0.812320	1.000000	0.808504	0.615000	 0.272000	 1.000000
0.275000	0.450000	0.730000	 0.813700	1.000000	0.809912	0.615000	 0.270000	 1.000000
0.276667	0.446667	0.732000	 0.815080	1.000000	0.811320	0.615000	 0.268000	 1.000000
0.278333	0.443333	0.734000	 0.816460	1.000000	0.812728	0.615000	 0.266000	 1.000000
0.280000	0.440000	0.736000	 0.817840	1.000000	0.814136	0.615000	 0.264000	 1.000000
0.281667	0.436667	0.738000	 0.819220	1.000000	0.815544	0.615000	 0.262000	 1.000000
0.283333	0.433333	0.740000	 0.820600	1.000000	0.816952	0.615000	 0.260000	 1.000000
0.285000	0.430000	0.742000	 0.821980	1.000000	0.818360	0.615000	 0.258000	 1.000000
0.286667	0.426667	0.744000	 0.823360	1.000000	0.819768	0.615000	 0.256000	 1.000000
0.288333	0.423333	0.746000	 0.824740	1.000000	0.821176	0.615000	 0.254000	 1.000000
0.290000	0.420000	0.748000	 0.826120	1.000000	0.822584	0.615000	 0.252000	 1.000000
0.291667	0.416667	0.750000	 0.827500	1.000000	0.823993	0.615000	 0.250000	 1.000000
0.293333	0.413333	0.752000	 0.828880	1.000000	0.825401	0.615000	 0.248000	 1.000000
0.295000	0.410000	0.754000	 0.830260	1.000000	0.826809	0.615000	 0.246000	 1.000000
0.296667	0.406667	0.756000	 0.831640	1.000000	0.828217	0.615000	 0.244000	 1.000000
0.298333	0.403333	0.758000	 0.833020	1.000000	0.829625	0.615000	 0.242000	 1.000000
0.300000	0.400000	0.760000	 0.834400	1.000000	0.831033	0.615000	 0.240000	 1.000000
0.301667	0.396667	0.762000	 0.835780	1.000000	0.832441	0.615000	 0.238000	 1.000000
0.303333	0.393333	0.764000	 0.837160	1.000000	0.833849	0.615000	 0.236000	 1.000000
0.305000	0.390000	0.766000	 0.838540	1.000000	0.835257	0.615000	 0.234000	 1.000000
0.306667	0.386667	0.768000	 0.839920	1.000000	0.836665	0.615000	 0.232000	 1.000000
0.308333	0.383333	0.770000	 0.841300	1.000000	0.838073	0.615000	 0.230000	 1.000000
0.310000	0.380000	0.772000	 0.842680	1.000000	0.839481	0.615000	 0.228000	 1.000000
0.311667	0.376667	0.774000	 0.844060	1.000000	0.840889	0.615000	 0.226000	 1.000000
0.313333	0.373333	0.776000	 0.845440	1.000000	0.842297	0.615000	 0.224000	 1.000000
0.315000	0.370000	0.778000	 0.846820	1.000000	0.843705	0.615000	 0.222000	 1.000000
0.316667	0.366667	0.780000	 0.848200	1.000000	0.845113	0.615000	 0.220000	 1.000000
0.318333	0.363333	0.782000	 0.849580	1.000000	0.846521	0.615000	 0.218000	 1.000000
0.320000	0.360000	0.784000	 0.850960	1.000000	0.847930	0.615000	 0.216000	 1.000000
0.321667	0.356667	0.786000	 0.852340	1.000000	0.849338	0.615000	 0.214000	 1.000000
0.323333	0.353333	0.788000	 0.853720	1.000000	0.850746	0.615000	 0.212000	 1.000000
0.325000	0.350000	0.790000	 0.855100	1.000000	0.852154	0.615000	 0.210000	 1.000000
0.326667	0.346667	0.792000	 0.856480	1.000000	0.853562	0.615000	 0.208000	 1.000000
0.328333	0.343333	0.794000	 0.857860	1.000000	0.854970	0.615000	 0.206000	 1.000000
0.330000	0.340000	0.796000	 0.859240	1.000000	0.856378	0.615000	 0.204000	 1.000000
0.331667	0.336667	0.798000	 0.860620	1.000000	0.857786	0.615000	 0.202000	 1.000000
0.333333	0.333333	0.800000	 0.862000	1.000000	0.859194	0.615000	 0.200000	 1.000000
0.335000	0.330000	0.802000	 0.863380	1.000000	0.860602	0.615000	 0.198000	 1.000000
0.336667	0.326667	0.804000	 0.864760	1.000000	0.862010	0.615000	 0.196000	 1.000000
0.338333	0.323333	0.806000	 0.866140	1.000000	0.863418	0.615000	 0.194000	 1.000000
0.340000	0.320000	0.808000	 0.867520	1.000000	0.864826	0.615000	 0.192000	 1.000000
0.341667	0.316667	0.810000	 0.868900	1.000000	0.866234	0.615000	 0.190000	 1.000000
0.343333	0.313333	0.812000	 0.870280	1.000000	0.867642	0.615000	 0.188000	 1.000000
0.345000	0.310000	0.814000	 0.871660	1.000000	0.869050	0.615000	 0.186000	 1.000000
0.346667	0.306667	0.816000	 0.873040	1.000000	0.870458	0.615000	 0.184000	 1.000000
0.348333	0.303333	0.818000	 0.874420	1.000000	0.871867	0.615000	 0.182000	 1.000000
0.350000	0.300000	0.820000	 0.875800	1.000000	0.873275	0.615000	 0.180000	 1.000000
0.351667	0.296667	0.822000	 0.877180	1.000000	0.874683	0.615000	 0.178000	 1.000000
0.353333	0.293333	0.824000	 0.878560	1.000000	0.876091	0.615000	 0.176000	 1.000000
0.355000	0.290000	0.826000	 0.879940	1.000000	0.877499	0.615000	 0.174000	 1.000000
0.356667	0.286667	0.828000	 0.881320	1.000000	0.878907	0.615000	 0.172000	 1.000000
0.358333	0.283333	0.830000	 0.882700	1.000000	0.880315	0.615000	 0.170000	 1.000000
0.360000	0.280000	0.832000	 0.884080	1.000000	0.881723	0.615000	 0.168000	 1.000000
0.361667	0.276667	0.834000	 0.885460	1.000000	0.883131	0.615000	 0.166000	 1.000000
0.363333	0.273333	0.836000	 0.886840	1.000000	0.884539	0.615000	 0.164000	 1.000000
0.365000	0.270000	0.838000	 0.888220	1.000000	0.885947	0.615000	 0.162000	 1.000000
0.366667	0.266667	0.840000	 0.889600	1.000000	0.887355	0.615000	 0.160000	 1.000000
0.368333	0.263333	0.842000	 0.890980	1.000000	0.888763	0.615000	 0.158000	 1.000000
0.370000	0.260000	0.844000	 0.892360	1.000000	0.890171	0.615000	 0.156000	 1.000000
0.371667	0.256667	0.846000	 0.893740	1.000000	0.891579	0.615000	 0.154000	 1.000000
0.373333	0.253333	0.848000	 0.895120	1.000000	0.892987	0.615000	 0.152000	 1.000000
0.375000	0.250000	0.850000	 0.896500	1.000000	0.894395	0.615000	 0.150000	 1.000000
0.376667	0.246667	0.852000	 0.897880	1.000000	0.895804	0.615000	 0.148000	 1.000000
0.378333	0.243333	0.854000	 0.899260	1.000000	0.897212	0.615000	 0.146000	 1.000000
0.380000	0.240000	0.856000	 0.900640	1.000000	0.898620	0.615000	 0.144000	 1.000000
0.381667	0.236667	0.858000	 0.902020	1.000000	0.900028	0.615000	 0.142000	 1.000000
0.383333	0.233333	0.860000	 0.903400	1.000000	0.901436	0.615000	 0.140000	 1.000000
0.385000	0.230000	0.862000	 0.904780	1.000000	0.902844	0.615000	 0.138000	 1.000000
0.386667	0.226667	0.864000	 0.906160	1.000000	0.904252	0.615000	 0.136000	 1.000000
0.388333	0.223333	0.866000	 0.907540	1.000000	0.905660	0.615000	 0.134000	 1.000000
0.390000	0.220000	0.868000	 0.908920	1.000000	0.907068	0.615000	 0.132000	 1.000000
0.391667	0.216667	0.870000	 0.910300	1.000000	0.908476	0.615000	 0.130000	 1.000000
0.393333	0.213333	0.872000	 0.911680	1.000000	0.909884	0.615000	 0.128000	 1.000000
0.395000	0.210000	0.874000	 0.913060	1.000000	0.911292	0.615000	 0.126000	 1.000000
0.396667	0.206667	0.876000	 0.914440	1.000000	0.912700	0.615000	 0.124000	 1.000000
0.398333	0.203333	0.878000	 0.915820	1.000000	0.914108	0.615000	 0.122000	 1.000000
0.400000	0.200000	0.880000	 0.917200	1.000000	0.915516	0.615000	 0.120000	 1.000000
0.401667	0.196667	0.882000	 0.918580	1.000000	0.916924	0.615000	 0.118000	 1.000000
0.403333	0.193333	0.884000	 0.919960	1.000000	0.918333	0.615000	 0.116000	 1.000000
0.405000	0.190000	0.886000	 0.921340	1.000000	0.919741	0.615000	 0.114000	 1.000000
0.406667	0.186667	0.888000	 0.922720	1.000000	0.921149	0.615000	 0.112000	 1.000000
0.408333	0.183333	0.890000	 0.924100	1.000000	0.922557	0.615000	 0.110000	 1.000000
0.410000	0.180000	0.892000	 0.925480	1.000000	0.923965	0.615000	 0.108000	 1.000000
0.411667	0.176667	0.894000	 0.926860	1.000000	0.925373	0.615000	 0.106000	 1.000000
0.413333	0.173333	0.896000	 0.928240	1.000000	0.926781	0.615000	 0.104000	 1.000000
0.415000	0.170000	0.898000	 0.929620	1.000000	0.928189	0.615000	 0.102000	 1.000000
0.416667	0.166667	0.900000	 0.931000	1.000000	0.929597	0.615000	 0.100000	 1.000000
0.418333	0.163333	0.902000	 0.932380	1.000000	0.931005	0.615000	 0.098000	 1.000000
0.420000	0.160000	0.904000	 0.933760	1.000000	0.932413	0.615000	 0.096000	 1.000000
0.421667	0.156667	0.906000	 0.935140	1.000000	0.933821	0.615000	 0.094000	 1.000000
0.423333	0.153333	0.908000	 0.936520	1.000000	0.935229	0.615000	 0.092000	 1.000000
0.425000	0.150000	0.910000	 0.937900	1.000000	0.936637	0.615000	 0.090000	 1.000000
0.426667	0.146667	0.912000	 0.939280	1.000000	0.938045	0.615000	 0.088000	 1.000000
0.428333	0.143333	0.914000	 0.940660	1.000000	0.939453	0.615000	 0.086000	 1.000000
0.430000	0.140000	0.916000	 0.942040	1.000000	0.940861	0.615000	 0.084000	 1.000000
0.431667	0.136667	0.918000	 0.943420	1.000000	0.942270	0.615000	 0.082000	 1.000000
0.433333	0.133333	0.920000	 0.944800	1.000000	0.943678	0.615000	 0.080000	 1.000000
0.435000	0.130000	0.922000	 0.946180	1.000000	0.945086	0.615000	 0.078000	 1.000000
0.436667	0.126667	0.924000	 0.947560	1.000000	0.946494	0.615000	 0.076000	 1.000000
0.438333	0.123333	0.926000	 0.948940	1.000000	0.947902	0.615000	 0.074000	 1.000000
0.440000	0.120000	0.928000	 0.950320	1.000000	0.949310	0.615000	 0.072000	 1.000000
0.441667	0.116667	0.930000	 0.951700	1.000000	0.950718	0.615000	 0.070000	 1.000000
0.443333	0.113333	0.932000	 0.953080	1.000000	0.952126	0.615000	 0.068000	 1.000000
0.445000	0.110000	0.934000	 0.954460	1.000000	0.953534	0.615000	 0.066000	 1.000000
0.446667	0.106667	0.936000	 0.955840	1.000000	0.954942	0.615000	 0.064000	 1.000000
0.448333	0.103333	0.938000	 0.957220	1.000000	0.956350	0.615000	 0.062000	 1.000000
0.450000	0.100000	0.940000	 0.958600	1.000000	0.957758	0.615000	 0.060000	 1.000000
0.451667	0.096667	0.942000	 0.959980	1.000000	0.959166	0.615000	 0.058000	 1.000000
0.453333	0.093333	0.944000	 0.961360	1.000000	0.960574	0.615000	 0.056000	 1.000000
0.455000	0.090000	0.946000	 0.962740	1.000000	0.961982	0.615000	 0.054000	 1.000000
0.456667	0.086667	0.948000	 0.964120	1.000000	0.963390	0.615000	 0.052000	 1.000000
0.458333	0.083333	0.950000	 0.965500	1.000000	0.964799	0.615000	 0.050000	 1.000000
0.460000	0.080000	0.952000	 0.966880	1.000000	0.966207	0.615000	 0.048000	 1.000000
0.461667	0.076667	0.954000	 0.968260	1.000000	0.967615	0.615000	 0.046000	 1.000000
0.463333	0.073333	0.956000	 0.969640	1.000000	0.969023	0.615000	 0.044000	 1.000000
0.465000	0.070000	0.958000	 0.971020	1.000000	0.970431	0.615000	 0.042000	 1.000000
0.466667	0.066667	0.960000	 0.972400	1.000000	0.971839	0.615000	 0.040000	 1.000000
0.468333	0.063333	0.962000	 0.973780	1.000000	0.973247	0.615000	 0.038000	 1.000000
0.470000	0.060000	0.964000	 0.975160	1.000000	0.974655	0.615000	 0.036000	 1.000000
0.471667	0.056667	0.966000	 0.976540	1.000000	0.976063	0.615000	 0.034000	 1.000000
0.473333	0.053333	0.968000	 0.977920	1.000000	0.977471	0.615000	 0.032000	 1.000000
0.475000	0.050000	0.970000	 0.979300	1.000000	0.978879	0.615000	 0.030000	 1.000000
0.476667	0.046667	0.972000	 0.980680	1.000000	0.980287	0.615000	 0.028000	 1.000000
0.478333	0.043333	0.974000	 0.982060	1.000000	0.981695	0.615000	 0.026000	 1.000000
0.480000	0.040000	0.976000	 0.983440	1.000000	0.983103	0.615000	 0.024000	 1.000000
0.481667	0.036667	0.978000	 0.984820	1.000000	0.984511	0.615000	 0.022000	 1.000000
0.483333	0.033333	0.980000	 0.986200	1.000000	0.985919	0.615000	 0.020000	 1.000000
0.485000	0.030000	0.982000	 0.987580	1.000000	0.987327	0.615000	 0.018000	 1.000000
0.486667	0.026667	0.984000	 0.988960	1.000000	0.988736	0.615000	 0.016000	 1.000000
0.488333	0.023333	0.986000	 0.990340	1.000000	0.990144	0.615000	 0.014000	 1.000000
0.490000	0.020000	0.988000	 0.991720	1.000000	0.991552	0.615000	 0.012000	 1.000000
0.491667	0.016667	0.990000	 0.993100	1.000000	0.992960	0.615000	 0.010000	 1.000000
0.493333	0.013333	0.992000	 0.994480	1.000000	0.994368	0.615000	 0.008000	 1.000000
0.495000	0.010000	0.994000	 0.995860	1.000000	0.995776	0.615000	 0.006000	 1.000000
0.496667	0.006667	0.996000	 0.997240	1.000000	0.997184	0.615000	 0.004000	 1.000000
0.498333	0.003333	0.998000	 0.998620	1.000000	0.998592	0.615000	 0.002000	 1.000000
0.500000	0.000000	1.000000	 1.000000	1.000000	1.000000	0.615000	 0.000000	 1.000000
0.501667	0.003333	1.000000	 0.999380	0.998000	0.999408	0.115000	 0.002000	 1.000000
0.503333	0.006667	1.000000	 0.998760	0.996000	0.998816	0.115000	 0.004000	 1.000000
0.505000	0.010000	1.000000	 0.998140	0.994000	0.998224	0.115000	 0.006000	 1.000000
0.506667	0.013333	1.000000	 0.997520	0.992000	0.997632	0.115000	 0.008000	 1.000000
0.508333	0.016667	1.000000	 0.996900	0.990000	0.997040	0.115000	 0.010000	 1.000000
0.510000	0.020000	1.000000	 0.996280	0.988000	0.996448	0.115000	 0.012000	 1.000000
0.511667	0.023333	1.000000	 0.995660	0.986000	0.995856	0.115000	 0.014000	 1.000000
0.513333	0.026667	1.000000	 0.995040	0.984000	0.995264	0.115000	 0.016000	 1.000000
0.515000	0.030000	1.000000	 0.994420	0.982000	0.994673	0.115000	 0.018000	 1.000000
0.516667	0.033333	1.000000	 0.993800	0.980000	0.994081	0.115000	 0.020000	 1.000000
0.518333	0.036667	1.000000	 0.993180	0.978000	0.993489	0.115000	 0.022000	 1.000000
0.520000	0.040000	1.000000	 0.992560	0.976000	0.992897	0.115000	 0.024000	 1.000000
0.521667	0.043333	1.000000	 0.991940	0.974000	0.992305	0.115000	 0.026000	 1.000000
0.523333	0.046667	1.000000	 0.991320	0.972000	0.991713	0.115000	 0.028000	 1.000000
0.525000	0.050000	1.000000	 0.990700	0.970000	0.991121	0.115000	 0.030000	 1.000000
0.526667	0.053333	1.000000	 0.990080	0.968000	0.990529	0.115000	 0.032000	 1.000000
0.528333	0.056667	1.000000	 0.989460	0.966000	0.989937	0.115000	 0.034000	 1.000000
0.530000	0.060000	1.000000	 0.988840	0.964000	0.989345	0.115000	 0.036000	 1.000000
0.531667	0.063333	1.000000	 0.988220	0.962000	0.988753	0.115000	 0.038000	 1.000000
0.533333	0.066667	1.000000	 0.987600	0.960000	0.988161	0.115000	 0.040000	 1.000000
0.535000	0.070000	1.000000	 0.986980	0.958000	0.987569	0.115000	 0.042000	 1.000000
0.536667	0.073333	1.000000	 0.986360	0.956000	0.986977	0.115000	 0.044000	 1.000000
0.538333	0.076667	1.000000	 0.985740	0.954000	0.986385	0.115000	 0.046000	 1.000000
0.540000	0.080000	1.000000	 0.985120	0.952000	0.985793	0.115000	 0.048000	 1.000000
0.541667	0.083333	1.000000	 0.984500	0.950000	0.985202	0.115000	 0.050000	 1.000000
0.543333	0.086667	1.000000	 0.983880	0.948000	0.984610	0.115000	 0.052000	 1.000000
0.545000	0.090000	1.000000	 0.983260	0.946000	0.984018	0.115000	 0.054000	 1.000000
0.546667	0.093333	1.000000	 0.982640	0.944000	0.983426	0.115000	 0.056000	 1.000000
0.548333	0.096667	1.000000	 0.982020	0.942000	0.982834	0.115000	 0.058000	 1.000000
0.550000	0.100000	1.000000	 0.981400	0.940000	0.982242	0.115000	 0.060000	 1.000000
0.551667	0.103333	1.000000	 0.980780	0.938000	0.981650	0.115000	 0.062000	 1.000000
0.553333	0.106667	1.000000	 0.980160	0.936000	0.981058	0.115000	 0.064000	 1.000000
0.555000	0.110000	1.000000	 0.979540	0.934000	0.980466	0.115000	 0.066000	 1.000000
0.556667	0.113333	1.000000	 0.978920	0.932000	0.979874	0.115000	 0.068000	 1.000000
0.558333	0.116667	1.000000	 0.978300	0.930000	0.979282	0.115000	 0.070000	 1.000000
0.560000	0.120000	1.000000	 0.977680	0.928000	0.978690	0.115000	 0.072000	 1.000000
0.561667	0.123333	1.000000	 0.977060	0.926000	0.978098	0.115000	 0.074000	 1.000000
0.563333	0.126667	1.000000	 0.976440	0.924000	0.977506	0.115000	 0.076000	 1.000000
0.565000	0.130000	1.000000	 0.975820	0.922000	0.976914	0.115000	 0.078000	 1.000000
0.566667	0.133333	1.000000	 0.975200	0.920000	0.976322	0.115000	 0.080000	 1.000000
0.568333	0.136667	1.000000	 0.974580	0.918000	0.975730	0.115000	 0.082000	 1.000000
0.570000	0.140000	1.000000	 0.973960	0.916000	0.975139	0.115000	 0.084000	 1.000000
0.571667	0.143333	1.000000	 0.973340	0.914000	0.974547	0.115000	 0.086000	 1.000000
0.573333	0.146667	1.000000	 0.972720	0.912000	0.973955	0.115000	 0.088000	 1.000000
0.575000	0.150000	1.000000	 0.972100	0.910000	0.973363	0.115000	 0.090000	 1.000000
0.576667	0.153333	1.000000	 0.971480	0.908000	0.972771	0.115000	 0.092000	 1.000000
0.578333	0.156667	1.000000	 0.970860	0.906000	0.972179	0.115000	 0.094000	 1.000000
0.580000	0.160000	1.000000	 0.970240	0.904000	0.971587	0.115000	 0.096000	 1.000000
0.581667	0.163333	1.000000	 0.969620	0.902000	0.970995	0.115000	 0.098000	 1.000000
0.583333	0.166667	1.000000	 0.969000	0.900000	0.970403	0.115000	 0.100000	 1.000000
0.585000	0.170000	1.000000	 0.968380	0.898000	0.969811	0.115000	 0.102000	 1.000000
0.586667	0.173333	1.000000	 0.967760	0.896000	0.969219	0.115000	 0.104000	 1.000000
0.588333	0.176667	1.000000	 0.967140	0.894000	0.968627	0.115000	 0.106000	 1.000000
0.590000	0.180000	1.000000	 0.966520	0.892000	0.968035	0.115000	 0.108000	 1.000000
0.591667	0.183333	1.000000	 0.965900	0.890000	0.967443	0.115000	 0.110000	 1.000000
0.593333	0.186667	1.000000	 0.965280	0.888000	0.966851	0.115000	 0.112000	 1.000000
0.595000	0.190000	1.000000	 0.964660	0.886000	0.966259	0.115000	 0.114000	 1.000000
0.596667	0.193333	1.000000	 0.964040	0.884000	0.965667	0.115000	 0.116000	 1.000000
0.598333	0.196667	1.000000	 0.963420	0.882000	0.965076	0.115000	 0.118000	 1.000000
0.600000	0.200000	1.000000	 0.962800	0.880000	0.964484	0.115000	 0.120000	 1.000000
0.601667	0.203333	1.000000	 0.962180	0.878000	0.963892	0.115000	 0.122000	 1.000000
0.603333	0.206667	1.000000	 0.961560	0.876000	0.963300	0.115000	 0.124000	 1.000000
0.605000	0.210000	1.000000	 0.960940	0.874000	0.962708	0.115000	 0.126000	 1.000000
0.606667	0.213333	1.000000	 0.960320	0.872000	0.962116	0.115000	 0.128000	 1.000000
0.608333	0.216667	1.000000	 0.959700	0.870000	0.961524	0.115000	 0.130000	 1.000000
0.610000	0.220000	1.000000	 0.959080	0.868000	0.960932	0.115000	 0.132000	 1.000000
0.611667	0.223333	1.000000	 0.958460	0.866000	0.960340	0.115000	 0.134000	 1.000000
0.613333	0.226667	1.000000	 0.957840	0.864000	0.959748	0.115000	 0.136000	 1.000000
0.615000	0.230000	1.000000	 0.957220	0.862000	0.959156	0.115000	 0.138000	 1.000000
0.616667	0.233333	1.000000	 0.956600	0.860000	0.958564	0.115000	 0.140000	 1.000000
0.618333	0.236667	1.000000	 0.955980	0.858000	0.957972	0.115000	 0.142000	 1.000000
0.620000	0.240000	1.000000	 0.955360	0.856000	0.957380	0.115000	 0.144000	 1.000000
0.621667	0.243333	1.000000	 0.954740	0.854000	0.956788	0.115000	 0.146000	 1.000000
0.623333	0.246667	1.000000	 0.954120	0.852000	0.956196	0.115000	 0.148000	 1.000000
0.625000	0.250000	1.000000	 0.953500	0.850000	0.955604	0.115000	 0.150000	 1.000000
0.626667	0.253333	1.000000	 0.952880	0.848000	0.955013	0.115000	 0.152000	 1.000000
0.628333	0.256667	1.000000	 0.952260	0.846000	0.954421	0.115000	 0.154000	 1.000000
0.630000	0.260000	1.000000	 0.951640	0.844000	0.953829	0.115000	 0.156000	 1.000000
0.631667	0.263333	1.000000	 0.951020	0.842000	0.953237	0.115000	 0.158000	 1.000000
0.633333	0.266667	1.000000	 0.950400	0.840000	0.952645	0.115000	 0.160000	 1.000000
0.635000	0.270000	1.000000	 0.949780	0.838000	0.952053	0.115000	 0.162000	 1.000000
0.636667	0.273333	1.000000	 0.949160	0.836000	0.951461	0.115000	 0.164000	 1.000000
0.638333	0.276667	1.000000	 0.948540	0.834000	0.950869	0.115000	 0.166000	 1.000000
0.640000	0.280000	1.000000	 0.947920	0.832000	0.950277	0.115000	 0.168000	 1.000000
0.641667	0.283333	1.000000	 0.947300	0.830000	0.949685	0.115000	 0.170000	 1.000000
0.643333	0.286667	1.000000	 0.946680	0.828000	0.949093	0.115000	 0.172000	 1.000000
0.645000	0.290000	1.000000	 0.946060	0.826000	0.948501	0.115000	 0.174000	 1.000000
0.646667	0.293333	1.000000	 0.945440	0.824000	0.947909	0.115000	 0.176000	 1.000000
0.648333	0.296667	1.000000	 0.944820	0.822000	0.947317	0.115000	 0.178000	 1.000000
0.650000	0.300000	1.000000	 0.944200	0.820000	0.946725	0.115000	 0.180000	 1.000000
0.651667	0.303333	1.000000	 0.943580	0.818000	0.946133	0.115000	 0.182000	 1.000000
0.653333	0.306667	1.000000	 0.942960	0.816000	0.945542	0.115000	 0.184000	 1.000000
0.655000	0.310000	1.000000	 0.942340	0.814000	0.944950	0.115000	 0.186000	 1.000000
0.656667	0.313333	1.000000	 0.941720	0.812000	0.944358	0.115000	 0.188000	 1.000000
0.658333	0.316667	1.000000	 0.941100	0.810000	0.943766	0.115000	 0.190000	 1.000000
0.660000	0.320000	1.000000	 0.940480	0.808000	0.943174	0.115000	 0.192000	 1.000000
0.661667	0.323333	1.000000	 0.939860	0.806000	0.942582	0.115000	 0.194000	 1.000000
0.663333	0.326667	1.000000	 0.939240	0.804000	0.941990	0.115000	 0.196000	 1.000000
0.665000	0.330000	1.000000	 0.938620	0.802000	0.941398	0.115000	 0.198000	 1.000000
0.666667	0.333333	1.000000	 0.938000	0.800000	0.940806	0.115000	 0.200000	 1.000000
0.668333	0.336667	1.000000	 0.937380	0.798000	0.940214	0.115000	 0.202000	 1.000000
0.670000	0.340000	1.000000	 0.936760	0.796000	0.939622	0.115000	 0.204000	 1.000000
0.671667	0.343333	1.000000	 0.936140	0.794000	0.939030	0.115000	 0.206000	 1.000000
0.673333	0.346667	1.000000	 0.935520	0.792000	0.938438	0.115000	 0.208000	 1.000000
0.675000	0.350000	1.000000	 0.934900	0.790000	0.937846	0.115000	 0.210000	 1.000000
0.676667	0.353333	1.000000	 0.934280	0.788000	0.937254	0.115000	 0.212000	 1.000000
0.678333	0.356667	1.000000	 0.933660	0.786000	0.936662	0.115000	 0.214000	 1.000000
0.680000	0.360000	1.000000	 0.933040	0.784000	0.936070	0.115000	 0.216000	 1.000000
0.681667	0.363333	1.000000	 0.932420	0.782000	0.935479	0.115000	 0.218000	 1.000000
0.683333	0.366667	1.000000	 0.931800	0.780000	0.934887	0.115000	 0.220000	 1.000000
0.685000	0.370000	1.000000	 0.931180	0.778000	0.934295	0.115000	 0.222000	 1.000000
0.686667	0.373333	1.000000	 0.930560	0.776000	0.933703	0.115000	 0.224000	 1.000000
0.688333	0.376667	1.000000	 0.929940	0.774000	0.933111	0.115000	 0.226000	 1.000000
0.690000	0.380000	1.000000	 0.929320	0.772000	0.932519	0.115000	 0.228000	 1.000000
0.691667	0.383333	1.000000	 0.928700	0.770000	0.931927	0.115000	 0.230000	 1.000000
0.693333	0.386667	1.000000	 0.928080	0.768000	0.931335	0.115000	 0.232000	 1.000000
0.695000	0.390000	1.000000	 0.927460	0.766000	0.930743	0.115000	 0.234000	 1.000000
0.696667	0.393333	1.000000	 0.926840	0.764000	0.930151	0.115000	 0.236000	 1.000000
0.698333	0.396667	1.000000	 0.926220	0.762000	0.929559	0.115000	 0.238000	 1.000000
0.700000	0.400000	1.000000	 0.925600	0.760000	0.928967	0.115000	 0.240000	 1.000000
0.701667	0.403333	1.000000	 0.924980	0.758000	0.928375	0.115000	 0.242000	 1.000000
0.703333	0.406667	1.000000	 0.924360	0.756000	0.927783	0.115000	 0.244000	 1.000000
0.705000	0.410000	1.000000	 0.923740	0.754000	0.927191	0.115000	 0.246000	 1.000000
0.706667	0.413333	1.000000	 0.923120	0.752000	0.926599	0.115000	 0.248000	 1.000000
0.708333	0.416667	1.000000	 0.922500	0.750000	0.926007	0.115000	 0.250000	 1.000000
0.710000	0.420000	1.000000	 0.921880	0.748000	0.925416	0.115000	 0.252000	 1.000000
0.711667	0.423333	1.000000	 0.921260	0.746000	0.924824	0.115000	 0.254000	 1.000000
0.713333	0.426667	1.000000	 0.920640	0.744000	0.924232	0.115000	 0.256000	 1.000000
0.715000	0.430000	1.000000	 0.920020	0.742000	0.923640	0.115000	 0.258000	 1.000000
0.716667	0.433333	1.000000	 0.919400	0.740000	0.923048	0.115000	 0.260000	 1.000000
0.718333	0.436667	1.000000	 0.918780	0.738000	0.922456	0.115000	 0.262000	 1.000000
0.720000	0.440000	1.000000	 0.918160	0.736000	0.921864	0.115000	 0.264000	 1.000000
0.721667	0.443333	1.000000	 0.917540	0.734000	0.921272	0.115000	 0.266000	 1.000000
0.723333	0.446667	1.000000	 0.916920	0.732000	0.920680	0.115000	 0.268000	 1.000000
0.725000	0.450000	1.000000	 0.916300	0.730000	0.920088	0.115000	 0.270000	 1.000000
0.726667	0.453333	1.000000	 0.915680	0.728000	0.919496	0.115000	 0.272000	 1.000000
0.728333	0.456667	1.000000	 0.915060	0.726000	0.918904	0.115000	 0.274000	 1.000000
0.730000	0.460000	1.000000	 0.914440	0.724000	0.918312	0.115000	 0.276000	 1.000000
0.731667	0.463333	1.000000	 0.913820	0.722000	0.917720	0.115000	 0.278000	 1.000000
0.733333	0.466667	1.000000	 0.913200	0.720000	0.917128	0.115000	 0.280000	 1.000000
0.735000	0.470000	1.000000	 0.912580	0.718000	0.916536	0.115000	 0.282000	 1.000000
0.736667	0.473333	1.000000	 0.911960	0.716000	0.915945	0.115000	 0.284000	 1.000000
0.738333	0.476667	1.000000	 0.911340	0.714000	0.915353	0.115000	 0.286000	 1.000000
0.740000	0.480000	1.000000	 0.910720	0.712000	0.914761	0.115000	 0.288000	 1.000000
0.741667	0.483333	1.000000	 0.910100	0.710000	0.914169	0.115000	 0.290000	 1.000000
0.743333	0.486667	1.000000	 0.909480	0.708000	0.913577	0.115000	 0.292000	 1.000000
0.745000	0.490000	1.000000	 0.908860	0.706000	0.912985	0.115000	 0.294000	 1.000000
0.746667	0.493333	1.000000	 0.908240	0.704000	0.912393	0.115000	 0.296000	 1.000000
0.748333	0.496667	1.000000	 0.907620	0.702000	0.911801	0.115000	 0.298000	 1.000000
0.750000	0.500000	1.000000	 0.907000	0.700000	0.911209	0.115000	 0.300000	 1.000000
0.751667	0.503333	1.000000	 0.906380	0.698000	0.910617	0.115000	 0.302000	 1.000000
0.753333	0.506667	1.000000	 0.905760	0.696000	0.910025	0.115000	 0.304000	 1.000000
0.755000	0.510000	1.000000	 0.905140	0.694000	0.909433	0.115000	 0.306000	 1.000000
0.756667	0.513333	1.000000	 0.904520	0.692000	0.908841	0.115000	 0.308000	 1.000000
0.758333	0.516667	1.000000	 0.903900	0.690000	0.908249	0.115000	 0.310000	 1.000000
0.760000	0.520000	1.000000	 0.903280	0.688000	0.907657	0.115000	 0.312000	 1.000000
0.761667	0.523333	1.000000	 0.902660	0.686000	0.907065	0.115000	 0.314000	 1.000000
0.763333	0.526667	1.000000	 0.902040	0.684000	0.906473	0.115000	 0.316000	 1.000000
0.765000	0.530000	1.000000	 0.901420	0.682000	0.905882	0.115000	 0.318000	 1.000000
0.766667	0.533333	1.000000	 0.900800	0.680000	0.905290	0.115000	 0.320000	 1.000000
0.768333	0.536667	1.000000	 0.900180	0.678000	0.904698	0.115000	 0.322000	 1.000000
0.770000	0.540000	1.000000	 0.899560	0.676000	0.904106	0.115000	 0.324000	 1.000000
0.771667	0.543333	1.000000	 0.898940	0.674000	0.903514	0.115000	 0.326000	 1.000000
0.773333	0.546667	1.000000	 0.898320	0.672000	0.902922	0.115000	 0.328000	 1.000000
0.775000	0.550000	1.000000	 0.897700	0.670000	0.902330	0.115000	 0.330000	 1.000000
0.776667	0.553333	1.000000	 0.897080	0.668000	0.901738	0.115000	 0.332000	 1.000000
0.778333	0.556667	1.000000	 0.896460	0.666000	0.901146	0.115000	 0.334000	 1.000000
0.780000	0.560000	1.000000	 0.895840	0.664000	0.900554	0.115000	 0.336000	 1.000000
0.781667	0.563333	1.000000	 0.895220	0.662000	0.899962	0.115000	 0.338000	 1.000000
0.783333	0.566667	1.000000	 0.894600	0.660000	0.899370	0.115000	 0.340000	 1.000000
0.785000	0.570000	1.000000	 0.893980	0.658000	0.898778	0.115000	 0.342000	 1.000000
0.786667	0.573333	1.000000	 0.893360	0.656000	0.898186	0.115000	 0.344000	 1.000000
0.788333	0.576667	1.000000	 0.892740	0.654000	0.897594	0.115000	 0.346000	 1.000000
0.790000	0.580000	1.000000	 0.892120	0.652000	0.897002	0.115000	 0.348000	 1.000000
0.791667	0.583333	1.000000	 0.891500	0.650000	0.896410	0.115000	 0.350000	 1.000000
0.793333	0.586667	1.000000	 0.890880	0.648000	0.895819	0.115000	 0.352000	 1.000000
0.795000	0.590000	1.000000	 0.890260	0.646000	0.895227	0.115000	 0.354000	 1.000000
0.796667	0.593333	1.000000	 0.889640	0.644000	0.894635	0.115000	 0.356000	 1.000000
0.798333	0.596667	1.000000	 0.889020	0.642000	0.894043	0.115000	 0.358000	 1.000000
0.800000	0.600000	1.000000	 0.888400	0.640000	0.893451	0.115000	 0.360000	 1.000000
0.801667	0.603333	1.000000	 0.887780	0.638000	0.892859	0.115000	 0.362000	 1.000000
0.803333	0.606667	1.000000	 0.887160	0.636000	0.892267	0.115000	 0.364000	 1.000000
0.805000	0.610000	1.000000	 0.886540	0.634000	0.891675	0.115000	 0.366000	 1.000000
0.806667	0.613333	1.000000	 0.885920	0.632000	0.891083	0.115000	 0.368000	 1.000000
0.808333	0.616667	1.000000	 0.885300	0.630000	0.890491	0.115000	 0.370000	 1.000000
0.810000	0.620000	1.000000	 0.884680	0.628000	0.889899	0.115000	 0.372000	 1.000000
0.811667	0.623333	1.000000	 0.884060	0.626000	0.889307	0.115000	 0.374000	 1.000000
0.813333	0.626667	1.000000	 0.883440	0.624000	0.888715	0.115000	 0.376000	 1.000000
0.815000	0.630000	1.000000	 0.882820	0.622000	0.888123	0.115000	 0.378000	 1.000000
0.816667	0.633333	1.000000	 0.882200	0.620000	0.887531	0.115000	 0.380000	 1.000000
0.818333	0.636667	1.000000	 0.881580	0.618000	0.886939	0.115000	 0.382000	 1.000000
0.820000	0.640000	1.000000	 0.880960	0.616000	0.886348	0.115000	 0.384000	 1.000000
0.821667	0.643333	1.000000	 0.880340	0.614000	0.885756	0.115000	 0.386000	 1.000000
0.823333	0.646667	1.000000	 0.879720	0.612000	0.885164	0.115000	 0.388000	 1.000000
0.825000	0.650000	1.000000	 0.879100	0.610000	0.884572	0.115000	 0.390000	 1.000000
0.826667	0.653333	1.000000	 0.878480	0.608000	0.883980	0.115000	 0.392000	 1.000000
0.828333	0.656667	1.000000	 0.877860	0.606000	0.883388	0.115000	 0.394000	 1.000000
0.830000	0.660000	1.000000	 0.877240	0.604000	0.882796	0.115000	 0.396000	 1.000000
0.831667	0.663333	1.000000	 0.876620	0.602000	0.882204	0.115000	 0.398000	 1.000000
0.833333	0.666667	1.000000	 0.876000	0.600000	0.881612	0.115000	 0.400000	 1.000000
0.835000	0.670000	1.000000	 0.875380	0.598000	0.881020	0.115000	 0.402000	 1.000000
0.836667	0.673333	1.000000	 0.874760	0.596000	0.880428	0.115000	 0.404000	 1.000000
0.838333	0.676667	1.000000	 0.874140	0.594000	0.879836	0.115000	 0.406000	 1.000000
0.840000	0.680000	1.000000	 0.873520	0.592000	0.879244	0.115000	 0.408000	 1.000000
0.841667	0.683333	1.000000	 0.872900	0.590000	0.878652	0.115000	 0.410000	 1.000000
0.843333	0.686667	1.000000	 0.872280	0.588000	0.878060	0.115000	 0.412000	 1.000000
0.845000	0.690000	1.000000	 0.871660	0.586000	0.877468	0.115000	 0.414000	 1.000000
0.846667	0.693333	1.000000	 0.871040	0.584000	0.876876	0.115000	 0.416000	 1.000000
0.848333	0.696667	1.000000	 0.870420	0.582000	0.876285	0.115000	 0.418000	 1.000000
0.850000	0.700000	1.000000	 0.869800	0.580000	0.875693	0.115000	 0.420000	 1.000000
0.851667	0.703333	1.000000	 0.869180	0.578000	0.875101	0.115000	 0.422000	 1.000000
0.853333	0.706667	1.000000	 0.868560	0.576000	0.874509	0.115000	 0.424000	 1.000000
0.855000	0.710000	1.000000	 0.867940	0.574000	0.873917	0.115000	 0.426000	 1.000000
0.856667	0.713333	1.000000	 0.867320	0.572000	0.873325	0.115000	 0.428000	 1.000000
0.858333	0.716667	1.000000	 0.866700	0.570000	0.872733	0.115000	 0.430000	 1.000000
0.860000	0.720000	1.000000	 0.866080	0.568000	0.872141	0.115000	 0.432000	 1.000000
0.861667	0.723333	1.000000	 0.865460	0.566000	0.871549	0.115000	 0.434000	 1.000000
0.863333	0.726667	1.000000	 0.864840	0.564000	0.870957	0.115000	 0.436000	 1.000000
0.865000	0.730000	1.000000	 0.864220	0.562000	0.870365	0.115000	 0.438000	 1.000000
0.866667	0.733333	1.000000	 0.863600	0.560000	0.869773	0.115000	 0.440000	 1.000000
0.868333	0.736667	1.000000	 0.862980	0.558000	0.869181	0.115000	 0.442000	 1.000000
0.870000	0.740000	1.000000	 0.862360	0.556000	0.868589	0.115000	 0.444000	 1.000000
0.871667	0.743333	1.000000	 0.861740	0.554000	0.867997	0.115000	 0.446000	 1.000000
0.873333	0.746667	1.000000	 0.861120	0.552000	0.867405	0.115000	 0.448000	 1.000000
0.875000	0.750000	1.000000	 0.860500	0.550000	0.866813	0.115000	 0.450000	 1.000000
0.876667	0.753333	1.000000	 0.859880	0.548000	0.866222	0.115000	 0.452000	 1.000000
0.878333	0.756667	1.000000	 0.859260	0.546000	0.865630	0.115000	 0.454000	 1.000000
0.880000	0.760000	1.000000	 0.858640	0.544000	0.865038	0.115000	 0.456000	 1.000000
0.881667	0.763333	1.000000	 0.858020	0.542000	0.864446	0.115000	 0.458000	 1.000000
0.883333	0.766667	1.000000	 0.857400	0.540000	0.863854	0.115000	 0.460000	 1.000000
0.885000	0.770000	1.000000	 0.856780	0.538000	0.863262	0.115000	 0.462000	 1.000000
0.886667	0.773333	1.000000	 0.856160	0.536000	0.862670	0.115000	 0.464000	 1.000000
0.888333	0.776667	1.000000	 0.855540	0.534000	0.862078	0.115000	 0.466000	 1.000000
0.890000	0.780000	1.000000	 0.854920	0.532000	0.861486	0.115000	 0.468000	 1.000000
0.891667	0.783333	1.000000	 0.854300	0.530000	0.860894	0.115000	 0.470000	 1.000000
0.893333	0.786667	1.000000	 0.853680	0.528000	0.860302	0.115000	 0.472000	 1.000000
0.895000	0.790000	1.000000	 0.853060	0.526000	0.859710	0.115000	 0.474000	 1.000000
0.896667	0.793333	1.000000	 0.852440	0.524000	0.859118	0.115000	 0.476000	 1.000000
0.898333	0.796667	1.000000	 0.851820	0.522000	0.858526	0.115000	 0.478000	 1.000000
0.900000	0.800000	1.000000	 0.851200	0.520000	0.857934	0.115000	 0.480000	 1.000000
0.901667	0.803333	1.000000	 0.850580	0.518000	0.857342	0.115000	 0.482000	 1.000000
0.903333	0.806667	1.000000	 0.849960	0.516000	0.856751	0.115000	 0.484000	 1.000000
0.905000	0.810000	1.000000	 0.849340	0.514000	0.856159	0.115000	 0.486000	 1.000000
0.906667	0.813333	1.000000	 0.848720	0.512000	0.855567	0.115000	 0.488000	 1.000000
0.908333	0.816667	1.000000	 0.848100	0.510000	0.854975	0.115000	 0.490000	 1.000000
0.910000	0.820000	1.000000	 0.847480	0.508000	0.854383	0.115000	 0.492000	 1.000000
0.911667	0.823333	1.000000	 0.846860	0.506000	0.853791	0.115000	 0.494000	 1.000000
0.913333	0.826667	1.000000	 0.846240	0.504000	0.853199	0.115000	 0.496000	 1.000000
0.915000	0.830000	1.000000	 0.845620	0.502000	0.852607	0.115000	 0.498000	 1.000000
0.916667	0.833333	1.000000	 0.845000	0.500000	0.852015	0.115000	 0.500000	 1.000000
0.918333	0.836667	1.000000	 0.844380	0.498000	0.851423	0.115000	 0.502000	 1.000000
0.920000	0.840000	1.000000	 0.843760	0.496000	0.850831	0.115000	 0.504000	 1.000000
0.921667	0.843333	1.000000	 0.843140	0.494000	0.850239	0.115000	 0.506000	 1.000000
0.923333	0.846667	1.000000	 0.842520	0.492000	0.849647	0.115000	 0.508000	 1.000000
0.925000	0.850000	1.000000	 0.841900	0.490000	0.849055	0.115000	 0.510000	 1.000000
0.926667	0.853333	1.000000	 0.841280	0.488000	0.848463	0.115000	 0.512000	 1.000000
0.928333	0.856667	1.000000	 0.840660	0.486000	0.847871	0.115000	 0.514000	 1.000000
0.930000	0.860000	1.000000	 0.840040	0.484000	0.847279	0.115000	 0.516000	 1.000000
0.931667	0.863333	1.000000	 0.839420	0.482000	0.846688	0.115000	 0.518000	 1.000000
0.933333	0.866667	1.000000	 0.838800	0.480000	0.846096	0.115000	 0.520000	 1.000000
0.935000	0.870000	1.000000	 0.838180	0.478000	0.845504	0.115000	 0.522000	 1.000000
0.936667	0.873333	1.000000	 0.837560	0.476000	0.844912	0.115000	 0.524000	 1.000000
0.938333	0.876667	1.000000	 0.836940	0.474000	0.844320	0.115000	 0.526000	 1.000000
0.940000	0.880000	1.000000	 0.836320	0.472000	0.843728	0.115000	 0.528000	 1.000000
0.941667	0.883333	1.000000	 0.835700	0.470000	0.843136	0.115000	 0.530000	 1.000000
0.943333	0.886667	1.000000	 0.835080	0.468000	0.842544	0.115000	 0.532000	 1.000000
0.945000	0.890000	1.000000	 0.834460	0.466000	0.841952	0.115000	 0.534000	 1.000000
0.946667	0.893333	1.000000	 0.833840	0.464000	0.841360	0.115000	 0.536000	 1.000000
0.948333	0.896667	1.000000	 0.833220	0.462000	0.840768	0.115000	 0.538000	 1.000000
0.950000	0.900000	1.000000	 0.832600	0.460000	0.840176	0.115000	 0.540000	 1.000000
0.951667	0.903333	1.000000	 0.831980	0.458000	0.839584	0.115000	 0.542000	 1.000000
0.953333	0.906667	1.000000	 0.831360	0.456000	0.838992	0.115000	 0.544000	 1.000000
0.955000	0.910000	1.000000	 0.830740	0.454000	0.838400	0.115000	 0.546000	 1.000000
0.956667	0.913333	1.000000	 0.830120	0.452000	0.837808	0.115000	 0.548000	 1.000000
0.958333	0.916667	1.000000	 0.829500	0.450000	0.837216	0.115000	 0.550000	 1.000000
0.960000	0.920000	1.000000	 0.828880	0.448000	0.836625	0.115000	 0.552000	 1.000000
0.961667	0.923333	1.000000	 0.828260	0.446000	0.836033	0.115000	 0.554000	 1.000000
0.963333	0.926667	1.000000	 0.827640	0.444000	0.835441	0.115000	 0.556000	 1.000000
0.965000	0.930000	1.000000	 0.827020	0.442000	0.834849	0.115000	 0.558000	 1.000000
0.966667	0.933333	1.000000	 0.826400	0.440000	0.834257	0.115000	 0.560000	 1.000000
0.968333	0.936667	1.000000	 0.825780	0.438000	0.833665	0.115000	 0.562000	 1.000000
0.970000	0.940000	1.000000	 0.825160	0.436000	0.833073	0.115000	 0.564000	 1.000000
0.971667	0.943333	1.000000	 0.824540	0.434000	0.832481	0.115000	 0.566000	 1.000000
0.973333	0.946667	1.000000	 0.823920	0.432000	0.831889	0.115000	 0.568000	 1.000000
0.975000	0.950000	1.000000	 0.823300	0.430000	0.831297	0.115000	 0.570000	 1.000000
0.976667	0.953333	1.000000	 0.822680	0.428000	0.830705	0.115000	 0.572000	 1.000000
0.978333	0.956667	1.000000	 0.822060	0.426000	0.830113	0.115000	 0.574000	 1.000000
0.980000	0.960000	1.000000	 0.821440	0.424000	0.829521	0.115000	 0.576000	 1.000000
0.981667	0.963333	1.000000	 0.820820	0.422000	0.828929	0.115000	 0.578000	 1.000000
0.983333	0.966667	1.000000	 0.820200	0.420000	0.828337	0.115000	 0.580000	 1.000000
0.985000	0.970000	1.000000	 0.819580	0.418000	0.827745	0.115000	 0.582000	 1.000000
0.986667	0.973333	1.000000	 0.818960	0.416000	0.827154	0.115000	 0.584000	 1.000000
0.988333	0.976667	1.000000	 0.818340	0.414000	0.826562	0.115000	 0.586000	 1.000000
0.990000	0.980000	1.000000	 0.817720	0.412000	0.825970	0.115000	 0.588000	 1.000000
0.991667	0.983333	1.000000	 0.817100	0.410000	0.825378	0.115000	 0.590000	 1.000000
0.993333	0.986667	1.000000	 0.816480	0.408000	0.824786	0.115000	 0.592000	 1.000000
0.995000	0.990000	1.000000	 0.815860	0.406000	0.824194	0.115000	 0.594000	 1.000000
0.996667	0.993333	1.000000	 0.815240	0.404000	0.823602	0.115000	 0.596000	 1.000000
0.998333	0.996667	1.000000	 0.814620	0.402000	0.823010	0.115000	 0.598000	 1.000000
