#p 		 mp		 R 		 G 		B 		Y 	 h	s	v
0.000000	0.000000	1.000000	 1.000000	1.000000	1.000000	0.615000	 0.000000	 1.000000
0.001667	0.001667	0.999000	 0.999310	1.000000	0.999296	0.615000	 0.001000	 1.000000
0.003333	0.003333	0.998000	 0.998620	1.000000	0.998592	0.615000	 0.002000	 1.000000
0.005000	0.005000	0.997000	 0.997930	1.000000	0.997888	0.615000	 0.003000	 1.000000
0.006667	0.006667	0.996000	 0.997240	1.000000	0.997184	0.615000	 0.004000	 1.000000
0.008333	0.008333	0.995000	 0.996550	1.000000	0.996480	0.615000	 0.005000	 1.000000
0.010000	0.010000	0.994000	 0.995860	1.000000	0.995776	0.615000	 0.006000	 1.000000
0.011667	0.011667	0.993000	 0.995170	1.000000	0.995072	0.615000	 0.007000	 1.000000
0.013333	0.013333	0.992000	 0.994480	1.000000	0.994368	0.615000	 0.008000	 1.000000
0.015000	0.015000	0.991000	 0.993790	1.000000	0.993664	0.615000	 0.009000	 1.000000
0.016667	0.016667	0.990000	 0.993100	1.000000	0.992960	0.615000	 0.010000	 1.000000
0.018333	0.018333	0.989000	 0.992410	1.000000	0.992256	0.615000	 0.011000	 1.000000
0.020000	0.020000	0.988000	 0.991720	1.000000	0.991552	0.615000	 0.012000	 1.000000
0.021667	0.021667	0.987000	 0.991030	1.000000	0.990848	0.615000	 0.013000	 1.000000
0.023333	0.023333	0.986000	 0.990340	1.000000	0.990144	0.615000	 0.014000	 1.000000
0.025000	0.025000	0.985000	 0.989650	1.000000	0.989440	0.615000	 0.015000	 1.000000
0.026667	0.026667	0.984000	 0.988960	1.000000	0.988736	0.615000	 0.016000	 1.000000
0.028333	0.028333	0.983000	 0.988270	1.000000	0.988031	0.615000	 0.017000	 1.000000
0.030000	0.030000	0.982000	 0.987580	1.000000	0.987327	0.615000	 0.018000	 1.000000
0.031667	0.031667	0.981000	 0.986890	1.000000	0.986623	0.615000	 0.019000	 1.000000
0.033333	0.033333	0.980000	 0.986200	1.000000	0.985919	0.615000	 0.020000	 1.000000
0.035000	0.035000	0.979000	 0.985510	1.000000	0.985215	0.615000	 0.021000	 1.000000
0.036667	0.036667	0.978000	 0.984820	1.000000	0.984511	0.615000	 0.022000	 1.000000
0.038333	0.038333	0.977000	 0.984130	1.000000	0.983807	0.615000	 0.023000	 1.000000
0.040000	0.040000	0.976000	 0.983440	1.000000	0.983103	0.615000	 0.024000	 1.000000
0.041667	0.041667	0.975000	 0.982750	1.000000	0.982399	0.615000	 0.025000	 1.000000
0.043333	0.043333	0.974000	 0.982060	1.000000	0.981695	0.615000	 0.026000	 1.000000
0.045000	0.045000	0.973000	 0.981370	1.000000	0.980991	0.615000	 0.027000	 1.000000
0.046667	0.046667	0.972000	 0.980680	1.000000	0.980287	0.615000	 0.028000	 1.000000
0.048333	0.048333	0.971000	 0.979990	1.000000	0.979583	0.615000	 0.029000	 1.000000
0.050000	0.050000	0.970000	 0.979300	1.000000	0.978879	0.615000	 0.030000	 1.000000
0.051667	0.051667	0.969000	 0.978610	1.000000	0.978175	0.615000	 0.031000	 1.000000
0.053333	0.053333	0.968000	 0.977920	1.000000	0.977471	0.615000	 0.032000	 1.000000
0.055000	0.055000	0.967000	 0.977230	1.000000	0.976767	0.615000	 0.033000	 1.000000
0.056667	0.056667	0.966000	 0.976540	1.000000	0.976063	0.615000	 0.034000	 1.000000
0.058333	0.058333	0.965000	 0.975850	1.000000	0.975359	0.615000	 0.035000	 1.000000
0.060000	0.060000	0.964000	 0.975160	1.000000	0.974655	0.615000	 0.036000	 1.000000
0.061667	0.061667	0.963000	 0.974470	1.000000	0.973951	0.615000	 0.037000	 1.000000
0.063333	0.063333	0.962000	 0.973780	1.000000	0.973247	0.615000	 0.038000	 1.000000
0.065000	0.065000	0.961000	 0.973090	1.000000	0.972543	0.615000	 0.039000	 1.000000
0.066667	0.066667	0.960000	 0.972400	1.000000	0.971839	0.615000	 0.040000	 1.000000
0.068333	0.068333	0.959000	 0.971710	1.000000	0.971135	0.615000	 0.041000	 1.000000
0.070000	0.070000	0.958000	 0.971020	1.000000	0.970431	0.615000	 0.042000	 1.000000
0.071667	0.071667	0.957000	 0.970330	1.000000	0.969727	0.615000	 0.043000	 1.000000
0.073333	0.073333	0.956000	 0.969640	1.000000	0.969023	0.615000	 0.044000	 1.000000
0.075000	0.075000	0.955000	 0.968950	1.000000	0.968319	0.615000	 0.045000	 1.000000
0.076667	0.076667	0.954000	 0.968260	1.000000	0.967615	0.615000	 0.046000	 1.000000
0.078333	0.078333	0.953000	 0.967570	1.000000	0.966911	0.615000	 0.047000	 1.000000
0.080000	0.080000	0.952000	 0.966880	1.000000	0.966207	0.615000	 0.048000	 1.000000
0.081667	0.081667	0.951000	 0.966190	1.000000	0.965503	0.615000	 0.049000	 1.000000
0.083333	0.083333	0.950000	 0.965500	1.000000	0.964799	0.615000	 0.050000	 1.000000
0.085000	0.085000	0.949000	 0.964810	1.000000	0.964094	0.615000	 0.051000	 1.000000
0.086667	0.086667	0.948000	 0.964120	1.000000	0.963390	0.615000	 0.052000	 1.000000
0.088333	0.088333	0.947000	 0.963430	1.000000	0.962686	0.615000	 0.053000	 1.000000
0.090000	0.090000	0.946000	 0.962740	1.000000	0.961982	0.615000	 0.054000	 1.000000
0.091667	0.091667	0.945000	 0.962050	1.000000	0.961278	0.615000	 0.055000	 1.000000
0.093333	0.093333	0.944000	 0.961360	1.000000	0.960574	0.615000	 0.056000	 1.000000
0.095000	0.095000	0.943000	 0.960670	1.000000	0.959870	0.615000	 0.057000	 1.000000
0.096667	0.096667	0.942000	 0.959980	1.000000	0.959166	0.615000	 0.058000	 1.000000
0.098333	0.098333	0.941000	 0.959290	1.000000	0.958462	0.615000	 0.059000	 1.000000
0.100000	0.100000	0.940000	 0.958600	1.000000	0.957758	0.615000	 0.060000	 1.000000
0.101667	0.101667	0.939000	 0.957910	1.000000	0.957054	0.615000	 0.061000	 1.000000
0.103333	0.103333	0.938000	 0.957220	1.000000	0.956350	0.615000	 0.062000	 1.000000
0.105000	0.105000	0.937000	 0.956530	1.000000	0.955646	0.615000	 0.063000	 1.000000
0.106667	0.106667	0.936000	 0.955840	1.000000	0.954942	0.615000	 0.064000	 1.000000
0.108333	0.108333	0.935000	 0.955150	1.000000	0.954238	0.615000	 0.065000	 1.000000
0.110000	0.110000	0.934000	 0.954460	1.000000	0.953534	0.615000	 0.066000	 1.000000
0.111667	0.111667	0.933000	 0.953770	1.000000	0.952830	0.615000	 0.067000	 1.000000
0.113333	0.113333	0.932000	 0.953080	1.000000	0.952126	0.615000	 0.068000	 1.000000
0.115000	0.115000	0.931000	 0.952390	1.000000	0.951422	0.615000	 0.069000	 1.000000
0.116667	0.116667	0.930000	 0.951700	1.000000	0.950718	0.615000	 0.070000	 1.000000
0.118333	0.118333	0.929000	 0.951010	1.000000	0.950014	0.615000	 0.071000	 1.000000
0.120000	0.120000	0.928000	 0.950320	1.000000	0.949310	0.615000	 0.072000	 1.000000
0.121667	0.121667	0.927000	 0.949630	1.000000	0.948606	0.615000	 0.073000	 1.000000
0.123333	0.123333	0.926000	 0.948940	1.000000	0.947902	0.615000	 0.074000	 1.000000
0.125000	0.125000	0.925000	 0.948250	1.000000	0.947198	0.615000	 0.075000	 1.000000
0.126667	0.126667	0.924000	 0.947560	1.000000	0.946494	0.615000	 0.076000	 1.000000
0.128333	0.128333	0.923000	 0.946870	1.000000	0.945790	0.615000	 0.077000	 1.000000
0.130000	0.130000	0.922000	 0.946180	1.000000	0.945086	0.615000	 0.078000	 1.000000
0.131667	0.131667	0.921000	 0.945490	1.000000	0.944382	0.615000	 0.079000	 1.000000
0.133333	0.133333	0.920000	 0.944800	1.000000	0.943678	0.615000	 0.080000	 1.000000
0.135000	0.135000	0.919000	 0.944110	1.000000	0.942974	0.615000	 0.081000	 1.000000
0.136667	0.136667	0.918000	 0.943420	1.000000	0.942270	0.615000	 0.082000	 1.000000
0.138333	0.138333	0.917000	 0.942730	1.000000	0.941566	0.615000	 0.083000	 1.000000
0.140000	0.140000	0.916000	 0.942040	1.000000	0.940861	0.615000	 0.084000	 1.000000
0.141667	0.141667	0.915000	 0.941350	1.000000	0.940157	0.615000	 0.085000	 1.000000
0.143333	0.143333	0.914000	 0.940660	1.000000	0.939453	0.615000	 0.086000	 1.000000
0.145000	0.145000	0.913000	 0.939970	1.000000	0.938749	0.615000	 0.087000	 1.000000
0.146667	0.146667	0.912000	 0.939280	1.000000	0.938045	0.615000	 0.088000	 1.000000
0.148333	0.148333	0.911000	 0.938590	1.000000	0.937341	0.615000	 0.089000	 1.000000
0.150000	0.150000	0.910000	 0.937900	1.000000	0.936637	0.615000	 0.090000	 1.000000
0.151667	0.151667	0.909000	 0.937210	1.000000	0.935933	0.615000	 0.091000	 1.000000
0.153333	0.153333	0.908000	 0.936520	1.000000	0.935229	0.615000	 0.092000	 1.000000
0.155000	0.155000	0.907000	 0.935830	1.000000	0.934525	0.615000	 0.093000	 1.000000
0.156667	0.156667	0.906000	 0.935140	1.000000	0.933821	0.615000	 0.094000	 1.000000
0.158333	0.158333	0.905000	 0.934450	1.000000	0.933117	0.615000	 0.095000	 1.000000
0.160000	0.160000	0.904000	 0.933760	1.000000	0.932413	0.615000	 0.096000	 1.000000
0.161667	0.161667	0.903000	 0.933070	1.000000	0.931709	0.615000	 0.097000	 1.000000
0.163333	0.163333	0.902000	 0.932380	1.000000	0.931005	0.615000	 0.098000	 1.000000
0.165000	0.165000	0.901000	 0.931690	1.000000	0.930301	0.615000	 0.099000	 1.000000
0.166667	0.166667	0.900000	 0.931000	1.000000	0.929597	0.615000	 0.100000	 1.000000
0.168333	0.168333	0.899000	 0.930310	1.000000	0.928893	0.615000	 0.101000	 1.000000
0.170000	0.170000	0.898000	 0.929620	1.000000	0.928189	0.615000	 0.102000	 1.000000
0.171667	0.171667	0.897000	 0.928930	1.000000	0.927485	0.615000	 0.103000	 1.000000
0.173333	0.173333	0.896000	 0.928240	1.000000	0.926781	0.615000	 0.104000	 1.000000
0.175000	0.175000	0.895000	 0.927550	1.000000	0.926077	0.615000	 0.105000	 1.000000
0.176667	0.176667	0.894000	 0.926860	1.000000	0.925373	0.615000	 0.106000	 1.000000
0.178333	0.178333	0.893000	 0.926170	1.000000	0.924669	0.615000	 0.107000	 1.000000
0.180000	0.180000	0.892000	 0.925480	1.000000	0.923965	0.615000	 0.108000	 1.000000
0.181667	0.181667	0.891000	 0.924790	1.000000	0.923261	0.615000	 0.109000	 1.000000
0.183333	0.183333	0.890000	 0.924100	1.000000	0.922557	0.615000	 0.110000	 1.000000
0.185000	0.185000	0.889000	 0.923410	1.000000	0.921853	0.615000	 0.111000	 1.000000
0.186667	0.186667	0.888000	 0.922720	1.000000	0.921149	0.615000	 0.112000	 1.000000
0.188333	0.188333	0.887000	 0.922030	1.000000	0.920445	0.615000	 0.113000	 1.000000
0.190000	0.190000	0.886000	 0.921340	1.000000	0.919741	0.615000	 0.114000	 1.000000
0.191667	0.191667	0.885000	 0.920650	1.000000	0.919037	0.615000	 0.115000	 1.000000
0.193333	0.193333	0.884000	 0.919960	1.000000	0.918333	0.615000	 0.116000	 1.000000
0.195000	0.195000	0.883000	 0.919270	1.000000	0.917628	0.615000	 0.117000	 1.000000
0.196667	0.196667	0.882000	 0.918580	1.000000	0.916924	0.615000	 0.118000	 1.000000
0.198333	0.198333	0.881000	 0.917890	1.000000	0.916220	0.615000	 0.119000	 1.000000
0.200000	0.200000	0.880000	 0.917200	1.000000	0.915516	0.615000	 0.120000	 1.000000
0.201667	0.201667	0.879000	 0.916510	1.000000	0.914812	0.615000	 0.121000	 1.000000
0.203333	0.203333	0.878000	 0.915820	1.000000	0.914108	0.615000	 0.122000	 1.000000
0.205000	0.205000	0.877000	 0.915130	1.000000	0.913404	0.615000	 0.123000	 1.000000
0.206667	0.206667	0.876000	 0.914440	1.000000	0.912700	0.615000	 0.124000	 1.000000
0.208333	0.208333	0.875000	 0.913750	1.000000	0.911996	0.615000	 0.125000	 1.000000
0.210000	0.210000	0.874000	 0.913060	1.000000	0.911292	0.615000	 0.126000	 1.000000
0.211667	0.211667	0.873000	 0.912370	1.000000	0.910588	0.615000	 0.127000	 1.000000
0.213333	0.213333	0.872000	 0.911680	1.000000	0.909884	0.615000	 0.128000	 1.000000
0.215000	0.215000	0.871000	 0.910990	1.000000	0.909180	0.615000	 0.129000	 1.000000
0.216667	0.216667	0.870000	 0.910300	1.000000	0.908476	0.615000	 0.130000	 1.000000
0.218333	0.218333	0.869000	 0.909610	1.000000	0.907772	0.615000	 0.131000	 1.000000
0.220000	0.220000	0.868000	 0.908920	1.000000	0.907068	0.615000	 0.132000	 1.000000
0.221667	0.221667	0.867000	 0.908230	1.000000	0.906364	0.615000	 0.133000	 1.000000
0.223333	0.223333	0.866000	 0.907540	1.000000	0.905660	0.615000	 0.134000	 1.000000
0.225000	0.225000	0.865000	 0.906850	1.000000	0.904956	0.615000	 0.135000	 1.000000
0.226667	0.226667	0.864000	 0.906160	1.000000	0.904252	0.615000	 0.136000	 1.000000
0.228333	0.228333	0.863000	 0.905470	1.000000	0.903548	0.615000	 0.137000	 1.000000
0.230000	0.230000	0.862000	 0.904780	1.000000	0.902844	0.615000	 0.138000	 1.000000
0.231667	0.231667	0.861000	 0.904090	1.000000	0.902140	0.615000	 0.139000	 1.000000
0.233333	0.233333	0.860000	 0.903400	1.000000	0.901436	0.615000	 0.140000	 1.000000
0.235000	0.235000	0.859000	 0.902710	1.000000	0.900732	0.615000	 0.141000	 1.000000
0.236667	0.236667	0.858000	 0.902020	1.000000	0.900028	0.615000	 0.142000	 1.000000
0.238333	0.238333	0.857000	 0.901330	1.000000	0.899324	0.615000	 0.143000	 1.000000
0.240000	0.240000	0.856000	 0.900640	1.000000	0.898620	0.615000	 0.144000	 1.000000
0.241667	0.241667	0.855000	 0.899950	1.000000	0.897916	0.615000	 0.145000	 1.000000
0.243333	0.243333	0.854000	 0.899260	1.000000	0.897212	0.615000	 0.146000	 1.000000
0.245000	0.245000	0.853000	 0.898570	1.000000	0.896508	0.615000	 0.147000	 1.000000
0.246667	0.246667	0.852000	 0.897880	1.000000	0.895804	0.615000	 0.148000	 1.000000
0.248333	0.248333	0.851000	 0.897190	1.000000	0.895100	0.615000	 0.149000	 1.000000
0.250000	0.250000	0.850000	 0.896500	1.000000	0.894395	0.615000	 0.150000	 1.000000
0.251667	0.251667	0.849000	 0.895810	1.000000	0.893691	0.615000	 0.151000	 1.000000
0.253333	0.253333	0.848000	 0.895120	1.000000	0.892987	0.615000	 0.152000	 1.000000
0.255000	0.255000	0.847000	 0.894430	1.000000	0.892283	0.615000	 0.153000	 1.000000
0.256667	0.256667	0.846000	 0.893740	1.000000	0.891579	0.615000	 0.154000	 1.000000
0.258333	0.258333	0.845000	 0.893050	1.000000	0.890875	0.615000	 0.155000	 1.000000
0.260000	0.260000	0.844000	 0.892360	1.000000	0.890171	0.615000	 0.156000	 1.000000
0.261667	0.261667	0.843000	 0.891670	1.000000	0.889467	0.615000	 0.157000	 1.000000
0.263333	0.263333	0.842000	 0.890980	1.000000	0.888763	0.615000	 0.158000	 1.000000
0.265000	0.265000	0.841000	 0.890290	1.000000	0.888059	0.615000	 0.159000	 1.000000
0.266667	0.266667	0.840000	 0.889600	1.000000	0.887355	0.615000	 0.160000	 1.000000
0.268333	0.268333	0.839000	 0.888910	1.000000	0.886651	0.615000	 0.161000	 1.000000
0.270000	0.270000	0.838000	 0.888220	1.000000	0.885947	0.615000	 0.162000	 1.000000
0.271667	0.271667	0.837000	 0.887530	1.000000	0.885243	0.615000	 0.163000	 1.000000
0.273333	0.273333	0.836000	 0.886840	1.000000	0.884539	0.615000	 0.164000	 1.000000
0.275000	0.275000	0.835000	 0.886150	1.000000	0.883835	0.615000	 0.165000	 1.000000
0.276667	0.276667	0.834000	 0.885460	1.000000	0.883131	0.615000	 0.166000	 1.000000
0.278333	0.278333	0.833000	 0.884770	1.000000	0.882427	0.615000	 0.167000	 1.000000
0.280000	0.280000	0.832000	 0.884080	1.000000	0.881723	0.615000	 0.168000	 1.000000
0.281667	0.281667	0.831000	 0.883390	1.000000	0.881019	0.615000	 0.169000	 1.000000
0.283333	0.283333	0.830000	 0.882700	1.000000	0.880315	0.615000	 0.170000	 1.000000
0.285000	0.285000	0.829000	 0.882010	1.000000	0.879611	0.615000	 0.171000	 1.000000
0.286667	0.286667	0.828000	 0.881320	1.000000	0.878907	0.615000	 0.172000	 1.000000
0.288333	0.288333	0.827000	 0.880630	1.000000	0.878203	0.615000	 0.173000	 1.000000
0.290000	0.290000	0.826000	 0.879940	1.000000	0.877499	0.615000	 0.174000	 1.000000
0.291667	0.291667	0.825000	 0.879250	1.000000	0.876795	0.615000	 0.175000	 1.000000
0.293333	0.293333	0.824000	 0.878560	1.000000	0.876091	0.615000	 0.176000	 1.000000
0.295000	0.295000	0.823000	 0.877870	1.000000	0.875387	0.615000	 0.177000	 1.000000
0.296667	0.296667	0.822000	 0.877180	1.000000	0.874683	0.615000	 0.178000	 1.000000
0.298333	0.298333	0.821000	 0.876490	1.000000	0.873979	0.615000	 0.179000	 1.000000
0.300000	0.300000	0.820000	 0.875800	1.000000	0.873275	0.615000	 0.180000	 1.000000
0.301667	0.301667	0.819000	 0.875110	1.000000	0.872571	0.615000	 0.181000	 1.000000
0.303333	0.303333	0.818000	 0.874420	1.000000	0.871867	0.615000	 0.182000	 1.000000
0.305000	0.305000	0.817000	 0.873730	1.000000	0.871163	0.615000	 0.183000	 1.000000
0.306667	0.306667	0.816000	 0.873040	1.000000	0.870458	0.615000	 0.184000	 1.000000
0.308333	0.308333	0.815000	 0.872350	1.000000	0.869754	0.615000	 0.185000	 1.000000
0.310000	0.310000	0.814000	 0.871660	1.000000	0.869050	0.615000	 0.186000	 1.000000
0.311667	0.311667	0.813000	 0.870970	1.000000	0.868346	0.615000	 0.187000	 1.000000
0.313333	0.313333	0.812000	 0.870280	1.000000	0.867642	0.615000	 0.188000	 1.000000
0.315000	0.315000	0.811000	 0.869590	1.000000	0.866938	0.615000	 0.189000	 1.000000
0.316667	0.316667	0.810000	 0.868900	1.000000	0.866234	0.615000	 0.190000	 1.000000
0.318333	0.318333	0.809000	 0.868210	1.000000	0.865530	0.615000	 0.191000	 1.000000
0.320000	0.320000	0.808000	 0.867520	1.000000	0.864826	0.615000	 0.192000	 1.000000
0.321667	0.321667	0.807000	 0.866830	1.000000	0.864122	0.615000	 0.193000	 1.000000
0.323333	0.323333	0.806000	 0.866140	1.000000	0.863418	0.615000	 0.194000	 1.000000
0.325000	0.325000	0.805000	 0.865450	1.000000	0.862714	0.615000	 0.195000	 1.000000
0.326667	0.326667	0.804000	 0.864760	1.000000	0.862010	0.615000	 0.196000	 1.000000
0.328333	0.328333	0.803000	 0.864070	1.000000	0.861306	0.615000	 0.197000	 1.000000
0.330000	0.330000	0.802000	 0.863380	1.000000	0.860602	0.615000	 0.198000	 1.000000
0.331667	0.331667	0.801000	 0.862690	1.000000	0.859898	0.615000	 0.199000	 1.000000
0.333333	0.333333	0.800000	 0.862000	1.000000	0.859194	0.615000	 0.200000	 1.000000
0.335000	0.335000	0.799000	 0.861310	1.000000	0.858490	0.615000	 0.201000	 1.000000
0.336667	0.336667	0.798000	 0.860620	1.000000	0.857786	0.615000	 0.202000	 1.000000
0.338333	0.338333	0.797000	 0.859930	1.000000	0.857082	0.615000	 0.203000	 1.000000
0.340000	0.340000	0.796000	 0.859240	1.000000	0.856378	0.615000	 0.204000	 1.000000
0.341667	0.341667	0.795000	 0.858550	1.000000	0.855674	0.615000	 0.205000	 1.000000
0.343333	0.343333	0.794000	 0.857860	1.000000	0.854970	0.615000	 0.206000	 1.000000
0.345000	0.345000	0.793000	 0.857170	1.000000	0.854266	0.615000	 0.207000	 1.000000
0.346667	0.346667	0.792000	 0.856480	1.000000	0.853562	0.615000	 0.208000	 1.000000
0.348333	0.348333	0.791000	 0.855790	1.000000	0.852858	0.615000	 0.209000	 1.000000
0.350000	0.350000	0.790000	 0.855100	1.000000	0.852154	0.615000	 0.210000	 1.000000
0.351667	0.351667	0.789000	 0.854410	1.000000	0.851450	0.615000	 0.211000	 1.000000
0.353333	0.353333	0.788000	 0.853720	1.000000	0.850746	0.615000	 0.212000	 1.000000
0.355000	0.355000	0.787000	 0.853030	1.000000	0.850042	0.615000	 0.213000	 1.000000
0.356667	0.356667	0.786000	 0.852340	1.000000	0.849338	0.615000	 0.214000	 1.000000
0.358333	0.358333	0.785000	 0.851650	1.000000	0.848634	0.615000	 0.215000	 1.000000
0.360000	0.360000	0.784000	 0.850960	1.000000	0.847930	0.615000	 0.216000	 1.000000
0.361667	0.361667	0.783000	 0.850270	1.000000	0.847225	0.615000	 0.217000	 1.000000
0.363333	0.363333	0.782000	 0.849580	1.000000	0.846521	0.615000	 0.218000	 1.000000
0.365000	0.365000	0.781000	 0.848890	1.000000	0.845817	0.615000	 0.219000	 1.000000
0.366667	0.366667	0.780000	 0.848200	1.000000	0.845113	0.615000	 0.220000	 1.000000
0.368333	0.368333	0.779000	 0.847510	1.000000	0.844409	0.615000	 0.221000	 1.000000
0.370000	0.370000	0.778000	 0.846820	1.000000	0.843705	0.615000	 0.222000	 1.000000
0.371667	0.371667	0.777000	 0.846130	1.000000	0.843001	0.615000	 0.223000	 1.000000
0.373333	0.373333	0.776000	 0.845440	1.000000	0.842297	0.615000	 0.224000	 1.000000
0.375000	0.375000	0.775000	 0.844750	1.000000	0.841593	0.615000	 0.225000	 1.000000
0.376667	0.376667	0.774000	 0.844060	1.000000	0.840889	0.615000	 0.226000	 1.000000
0.378333	0.378333	0.773000	 0.843370	1.000000	0.840185	0.615000	 0.227000	 1.000000
0.380000	0.380000	0.772000	 0.842680	1.000000	0.839481	0.615000	 0.228000	 1.000000
0.381667	0.381667	0.771000	 0.841990	1.000000	0.838777	0.615000	 0.229000	 1.000000
0.383333	0.383333	0.770000	 0.841300	1.000000	0.838073	0.615000	 0.230000	 1.000000
0.385000	0.385000	0.769000	 0.840610	1.000000	0.837369	0.615000	 0.231000	 1.000000
0.386667	0.386667	0.768000	 0.839920	1.000000	0.836665	0.615000	 0.232000	 1.000000
0.388333	0.388333	0.767000	 0.839230	1.000000	0.835961	0.615000	 0.233000	 1.000000
0.390000	0.390000	0.766000	 0.838540	1.000000	0.835257	0.615000	 0.234000	 1.000000
0.391667	0.391667	0.765000	 0.837850	1.000000	0.834553	0.615000	 0.235000	 1.000000
0.393333	0.393333	0.764000	 0.837160	1.000000	0.833849	0.615000	 0.236000	 1.000000
0.395000	0.395000	0.763000	 0.836470	1.000000	0.833145	0.615000	 0.237000	 1.000000
0.396667	0.396667	0.762000	 0.835780	1.000000	0.832441	0.615000	 0.238000	 1.000000
0.398333	0.398333	0.761000	 0.835090	1.000000	0.831737	0.615000	 0.239000	 1.000000
0.400000	0.400000	0.760000	 0.834400	1.000000	0.831033	0.615000	 0.240000	 1.000000
0.401667	0.401667	0.759000	 0.833710	1.000000	0.830329	0.615000	 0.241000	 1.000000
0.403333	0.403333	0.758000	 0.833020	1.000000	0.829625	0.615000	 0.242000	 1.000000
0.405000	0.405000	0.757000	 0.832330	1.000000	0.828921	0.615000	 0.243000	 1.000000
0.406667	0.406667	0.756000	 0.831640	1.000000	0.828217	0.615000	 0.244000	 1.000000
0.408333	0.408333	0.755000	 0.830950	1.000000	0.827513	0.615000	 0.245000	 1.000000
0.410000	0.410000	0.754000	 0.830260	1.000000	0.826809	0.615000	 0.246000	 1.000000
0.411667	0.411667	0.753000	 0.829570	1.000000	0.826105	0.615000	 0.247000	 1.000000
0.413333	0.413333	0.752000	 0.828880	1.000000	0.825401	0.615000	 0.248000	 1.000000
0.415000	0.415000	0.751000	 0.828190	1.000000	0.824697	0.615000	 0.249000	 1.000000
0.416667	0.416667	0.750000	 0.827500	1.000000	0.823993	0.615000	 0.250000	 1.000000
0.418333	0.418333	0.749000	 0.826810	1.000000	0.823288	0.615000	 0.251000	 1.000000
0.420000	0.420000	0.748000	 0.826120	1.000000	0.822584	0.615000	 0.252000	 1.000000
0.421667	0.421667	0.747000	 0.825430	1.000000	0.821880	0.615000	 0.253000	 1.000000
0.423333	0.423333	0.746000	 0.824740	1.000000	0.821176	0.615000	 0.254000	 1.000000
0.425000	0.425000	0.745000	 0.824050	1.000000	0.820472	0.615000	 0.255000	 1.000000
0.426667	0.426667	0.744000	 0.823360	1.000000	0.819768	0.615000	 0.256000	 1.000000
0.428333	0.428333	0.743000	 0.822670	1.000000	0.819064	0.615000	 0.257000	 1.000000
0.430000	0.430000	0.742000	 0.821980	1.000000	0.818360	0.615000	 0.258000	 1.000000
0.431667	0.431667	0.741000	 0.821290	1.000000	0.817656	0.615000	 0.259000	 1.000000
0.433333	0.433333	0.740000	 0.820600	1.000000	0.816952	0.615000	 0.260000	 1.000000
0.435000	0.435000	0.739000	 0.819910	1.000000	0.816248	0.615000	 0.261000	 1.000000
0.436667	0.436667	0.738000	 0.819220	1.000000	0.815544	0.615000	 0.262000	 1.000000
0.438333	0.438333	0.737000	 0.818530	1.000000	0.814840	0.615000	 0.263000	 1.000000
0.440000	0.440000	0.736000	 0.817840	1.000000	0.814136	0.615000	 0.264000	 1.000000
0.441667	0.441667	0.735000	 0.817150	1.000000	0.813432	0.615000	 0.265000	 1.000000
0.443333	0.443333	0.734000	 0.816460	1.000000	0.812728	0.615000	 0.266000	 1.000000
0.445000	0.445000	0.733000	 0.815770	1.000000	0.812024	0.615000	 0.267000	 1.000000
0.446667	0.446667	0.732000	 0.815080	1.000000	0.811320	0.615000	 0.268000	 1.000000
0.448333	0.448333	0.731000	 0.814390	1.000000	0.810616	0.615000	 0.269000	 1.000000
0.450000	0.450000	0.730000	 0.813700	1.000000	0.809912	0.615000	 0.270000	 1.000000
0.451667	0.451667	0.729000	 0.813010	1.000000	0.809208	0.615000	 0.271000	 1.000000
0.453333	0.453333	0.728000	 0.812320	1.000000	0.808504	0.615000	 0.272000	 1.000000
0.455000	0.455000	0.727000	 0.811630	1.000000	0.807800	0.615000	 0.273000	 1.000000
0.456667	0.456667	0.726000	 0.810940	1.000000	0.807096	0.615000	 0.274000	 1.000000
0.458333	0.458333	0.725000	 0.810250	1.000000	0.806392	0.615000	 0.275000	 1.000000
0.460000	0.460000	0.724000	 0.809560	1.000000	0.805688	0.615000	 0.276000	 1.000000
0.461667	0.461667	0.723000	 0.808870	1.000000	0.804984	0.615000	 0.277000	 1.000000
0.463333	0.463333	0.722000	 0.808180	1.000000	0.804280	0.615000	 0.278000	 1.000000
0.465000	0.465000	0.721000	 0.807490	1.000000	0.803576	0.615000	 0.279000	 1.000000
0.466667	0.466667	0.720000	 0.806800	1.000000	0.802872	0.615000	 0.280000	 1.000000
0.468333	0.468333	0.719000	 0.806110	1.000000	0.802168	0.615000	 0.281000	 1.000000
0.470000	0.470000	0.718000	 0.805420	1.000000	0.801464	0.615000	 0.282000	 1.000000
0.471667	0.471667	0.717000	 0.804730	1.000000	0.800760	0.615000	 0.283000	 1.000000
0.473333	0.473333	0.716000	 0.804040	1.000000	0.800055	0.615000	 0.284000	 1.000000
0.475000	0.475000	0.715000	 0.803350	1.000000	0.799351	0.615000	 0.285000	 1.000000
0.476667	0.476667	0.714000	 0.802660	1.000000	0.798647	0.615000	 0.286000	 1.000000
0.478333	0.478333	0.713000	 0.801970	1.000000	0.797943	0.615000	 0.287000	 1.000000
0.480000	0.480000	0.712000	 0.801280	1.000000	0.797239	0.615000	 0.288000	 1.000000
0.481667	0.481667	0.711000	 0.800590	1.000000	0.796535	0.615000	 0.289000	 1.000000
0.483333	0.483333	0.710000	 0.799900	1.000000	0.795831	0.615000	 0.290000	 1.000000
0.485000	0.485000	0.709000	 0.799210	1.000000	0.795127	0.615000	 0.291000	 1.000000
0.486667	0.486667	0.708000	 0.798520	1.000000	0.794423	0.615000	 0.292000	 1.000000
0.488333	0.488333	0.707000	 0.797830	1.000000	0.793719	0.615000	 0.293000	 1.000000
0.490000	0.490000	0.706000	 0.797140	1.000000	0.793015	0.615000	 0.294000	 1.000000
0.491667	0.491667	0.705000	 0.796450	1.000000	0.792311	0.615000	 0.295000	 1.000000
0.493333	0.493333	0.704000	 0.795760	1.000000	0.791607	0.615000	 0.296000	 1.000000
0.495000	0.495000	0.703000	 0.795070	1.000000	0.790903	0.615000	 0.297000	 1.000000
0.496667	0.496667	0.702000	 0.794380	1.000000	0.790199	0.615000	 0.298000	 1.000000
0.498333	0.498333	0.701000	 0.793690	1.000000	0.789495	0.615000	 0.299000	 1.000000
0.500000	0.500000	0.700000	 0.793000	1.000000	0.788791	0.615000	 0.300000	 1.000000
0.501667	0.501667	0.699000	 0.792310	1.000000	0.788087	0.615000	 0.301000	 1.000000
0.503333	0.503333	0.698000	 0.791620	1.000000	0.787383	0.615000	 0.302000	 1.000000
0.505000	0.505000	0.697000	 0.790930	1.000000	0.786679	0.615000	 0.303000	 1.000000
0.506667	0.506667	0.696000	 0.790240	1.000000	0.785975	0.615000	 0.304000	 1.000000
0.508333	0.508333	0.695000	 0.789550	1.000000	0.785271	0.615000	 0.305000	 1.000000
0.510000	0.510000	0.694000	 0.788860	1.000000	0.784567	0.615000	 0.306000	 1.000000
0.511667	0.511667	0.693000	 0.788170	1.000000	0.783863	0.615000	 0.307000	 1.000000
0.513333	0.513333	0.692000	 0.787480	1.000000	0.783159	0.615000	 0.308000	 1.000000
0.515000	0.515000	0.691000	 0.786790	1.000000	0.782455	0.615000	 0.309000	 1.000000
0.516667	0.516667	0.690000	 0.786100	1.000000	0.781751	0.615000	 0.310000	 1.000000
0.518333	0.518333	0.689000	 0.785410	1.000000	0.781047	0.615000	 0.311000	 1.000000
0.520000	0.520000	0.688000	 0.784720	1.000000	0.780343	0.615000	 0.312000	 1.000000
0.521667	0.521667	0.687000	 0.784030	1.000000	0.779639	0.615000	 0.313000	 1.000000
0.523333	0.523333	0.686000	 0.783340	1.000000	0.778935	0.615000	 0.314000	 1.000000
0.525000	0.525000	0.685000	 0.782650	1.000000	0.778231	0.615000	 0.315000	 1.000000
0.526667	0.526667	0.684000	 0.781960	1.000000	0.777527	0.615000	 0.316000	 1.000000
0.528333	0.528333	0.683000	 0.781270	1.000000	0.776822	0.615000	 0.317000	 1.000000
0.530000	0.530000	0.682000	 0.780580	1.000000	0.776118	0.615000	 0.318000	 1.000000
0.531667	0.531667	0.681000	 0.779890	1.000000	0.775414	0.615000	 0.319000	 1.000000
0.533333	0.533333	0.680000	 0.779200	1.000000	0.774710	0.615000	 0.320000	 1.000000
0.535000	0.535000	0.679000	 0.778510	1.000000	0.774006	0.615000	 0.321000	 1.000000
0.536667	0.536667	0.678000	 0.777820	1.000000	0.773302	0.615000	 0.322000	 1.000000
0.538333	0.538333	0.677000	 0.777130	1.000000	0.772598	0.615000	 0.323000	 1.000000
0.540000	0.540000	0.676000	 0.776440	1.000000	0.771894	0.615000	 0.324000	 1.000000
0.541667	0.541667	0.675000	 0.775750	1.000000	0.771190	0.615000	 0.325000	 1.000000
0.543333	0.543333	0.674000	 0.775060	1.000000	0.770486	0.615000	 0.326000	 1.000000
0.545000	0.545000	0.673000	 0.774370	1.000000	0.769782	0.615000	 0.327000	 1.000000
0.546667	0.546667	0.672000	 0.773680	1.000000	0.769078	0.615000	 0.328000	 1.000000
0.548333	0.548333	0.671000	 0.772990	1.000000	0.768374	0.615000	 0.329000	 1.000000
0.550000	0.550000	0.670000	 0.772300	1.000000	0.767670	0.615000	 0.330000	 1.000000
0.551667	0.551667	0.669000	 0.771610	1.000000	0.766966	0.615000	 0.331000	 1.000000
0.553333	0.553333	0.668000	 0.770920	1.000000	0.766262	0.615000	 0.332000	 1.000000
0.555000	0.555000	0.667000	 0.770230	1.000000	0.765558	0.615000	 0.333000	 1.000000
0.556667	0.556667	0.666000	 0.769540	1.000000	0.764854	0.615000	 0.334000	 1.000000
0.558333	0.558333	0.665000	 0.768850	1.000000	0.764150	0.615000	 0.335000	 1.000000
0.560000	0.560000	0.664000	 0.768160	1.000000	0.763446	0.615000	 0.336000	 1.000000
0.561667	0.561667	0.663000	 0.767470	1.000000	0.762742	0.615000	 0.337000	 1.000000
0.563333	0.563333	0.662000	 0.766780	1.000000	0.762038	0.615000	 0.338000	 1.000000
0.565000	0.565000	0.661000	 0.766090	1.000000	0.761334	0.615000	 0.339000	 1.000000
0.566667	0.566667	0.660000	 0.765400	1.000000	0.760630	0.615000	 0.340000	 1.000000
0.568333	0.568333	0.659000	 0.764710	1.000000	0.759926	0.615000	 0.341000	 1.000000
0.570000	0.570000	0.658000	 0.764020	1.000000	0.759222	0.615000	 0.342000	 1.000000
0.571667	0.571667	0.657000	 0.763330	1.000000	0.758518	0.615000	 0.343000	 1.000000
0.573333	0.573333	0.656000	 0.762640	1.000000	0.757814	0.615000	 0.344000	 1.000000
0.575000	0.575000	0.655000	 0.761950	1.000000	0.757110	0.615000	 0.345000	 1.000000
0.576667	0.576667	0.654000	 0.761260	1.000000	0.756406	0.615000	 0.346000	 1.000000
0.578333	0.578333	0.653000	 0.760570	1.000000	0.755702	0.615000	 0.347000	 1.000000
0.580000	0.580000	0.652000	 0.759880	1.000000	0.754998	0.615000	 0.348000	 1.000000
0.581667	0.581667	0.651000	 0.759190	1.000000	0.754294	0.615000	 0.349000	 1.000000
0.583333	0.583333	0.650000	 0.758500	1.000000	0.753589	0.615000	 0.350000	 1.000000
0.585000	0.585000	0.649000	 0.757810	1.000000	0.752885	0.615000	 0.351000	 1.000000
0.586667	0.586667	0.648000	 0.757120	1.000000	0.752181	0.615000	 0.352000	 1.000000
0.588333	0.588333	0.647000	 0.756430	1.000000	0.751477	0.615000	 0.353000	 1.000000
0.590000	0.590000	0.646000	 0.755740	1.000000	0.750773	0.615000	 0.354000	 1.000000
0.591667	0.591667	0.645000	 0.755050	1.000000	0.750069	0.615000	 0.355000	 1.000000
0.593333	0.593333	0.644000	 0.754360	1.000000	0.749365	0.615000	 0.356000	 1.000000
0.595000	0.595000	0.643000	 0.753670	1.000000	0.748661	0.615000	 0.357000	 1.000000
0.596667	0.596667	0.642000	 0.752980	1.000000	0.747957	0.615000	 0.358000	 1.000000
0.598333	0.598333	0.641000	 0.752290	1.000000	0.747253	0.615000	 0.359000	 1.000000
0.600000	0.600000	0.640000	 0.751600	1.000000	0.746549	0.615000	 0.360000	 1.000000
0.601667	0.601667	0.639000	 0.750910	1.000000	0.745845	0.615000	 0.361000	 1.000000
0.603333	0.603333	0.638000	 0.750220	1.000000	0.745141	0.615000	 0.362000	 1.000000
0.605000	0.605000	0.637000	 0.749530	1.000000	0.744437	0.615000	 0.363000	 1.000000
0.606667	0.606667	0.636000	 0.748840	1.000000	0.743733	0.615000	 0.364000	 1.000000
0.608333	0.608333	0.635000	 0.748150	1.000000	0.743029	0.615000	 0.365000	 1.000000
0.610000	0.610000	0.634000	 0.747460	1.000000	0.742325	0.615000	 0.366000	 1.000000
0.611667	0.611667	0.633000	 0.746770	1.000000	0.741621	0.615000	 0.367000	 1.000000
0.613333	0.613333	0.632000	 0.746080	1.000000	0.740917	0.615000	 0.368000	 1.000000
0.615000	0.615000	0.631000	 0.745390	1.000000	0.740213	0.615000	 0.369000	 1.000000
0.616667	0.616667	0.630000	 0.744700	1.000000	0.739509	0.615000	 0.370000	 1.000000
0.618333	0.618333	0.629000	 0.744010	1.000000	0.738805	0.615000	 0.371000	 1.000000
0.620000	0.620000	0.628000	 0.743320	1.000000	0.738101	0.615000	 0.372000	 1.000000
0.621667	0.621667	0.627000	 0.742630	1.000000	0.737397	0.615000	 0.373000	 1.000000
0.623333	0.623333	0.626000	 0.741940	1.000000	0.736693	0.615000	 0.374000	 1.000000
0.625000	0.625000	0.625000	 0.741250	1.000000	0.735989	0.615000	 0.375000	 1.000000
0.626667	0.626667	0.624000	 0.740560	1.000000	0.735285	0.615000	 0.376000	 1.000000
0.628333	0.628333	0.623000	 0.739870	1.000000	0.734581	0.615000	 0.377000	 1.000000
0.630000	0.630000	0.622000	 0.739180	1.000000	0.733877	0.615000	 0.378000	 1.000000
0.631667	0.631667	0.621000	 0.738490	1.000000	0.733173	0.615000	 0.379000	 1.000000
0.633333	0.633333	0.620000	 0.737800	1.000000	0.732469	0.615000	 0.380000	 1.000000
0.635000	0.635000	0.619000	 0.737110	1.000000	0.731765	0.615000	 0.381000	 1.000000
0.636667	0.636667	0.618000	 0.736420	1.000000	0.731061	0.615000	 0.382000	 1.000000
0.638333	0.638333	0.617000	 0.735730	1.000000	0.730357	0.615000	 0.383000	 1.000000
0.640000	0.640000	0.616000	 0.735040	1.000000	0.729652	0.615000	 0.384000	 1.000000
0.641667	0.641667	0.615000	 0.734350	1.000000	0.728948	0.615000	 0.385000	 1.000000
0.643333	0.643333	0.614000	 0.733660	1.000000	0.728244	0.615000	 0.386000	 1.000000
0.645000	0.645000	0.613000	 0.732970	1.000000	0.727540	0.615000	 0.387000	 1.000000
0.646667	0.646667	0.612000	 0.732280	1.000000	0.726836	0.615000	 0.388000	 1.000000
0.648333	0.648333	0.611000	 0.731590	1.000000	0.726132	0.615000	 0.389000	 1.000000
0.650000	0.650000	0.610000	 0.730900	1.000000	0.725428	0.615000	 0.390000	 1.000000
0.651667	0.651667	0.609000	 0.730210	1.000000	0.724724	0.615000	 0.391000	 1.000000
0.653333	0.653333	0.608000	 0.729520	1.000000	0.724020	0.615000	 0.392000	 1.000000
0.655000	0.655000	0.607000	 0.728830	1.000000	0.723316	0.615000	 0.393000	 1.000000
0.656667	0.656667	0.606000	 0.728140	1.000000	0.722612	0.615000	 0.394000	 1.000000
0.658333	0.658333	0.605000	 0.727450	1.000000	0.721908	0.615000	 0.395000	 1.000000
0.660000	0.660000	0.604000	 0.726760	1.000000	0.721204	0.615000	 0.396000	 1.000000
0.661667	0.661667	0.603000	 0.726070	1.000000	0.720500	0.615000	 0.397000	 1.000000
0.663333	0.663333	0.602000	 0.725380	1.000000	0.719796	0.615000	 0.398000	 1.000000
0.665000	0.665000	0.601000	 0.724690	1.000000	0.719092	0.615000	 0.399000	 1.000000
0.666667	0.666667	0.600000	 0.724000	1.000000	0.718388	0.615000	 0.400000	 1.000000
0.668333	0.668333	0.599000	 0.723310	1.000000	0.717684	0.615000	 0.401000	 1.000000
0.670000	0.670000	0.598000	 0.722620	1.000000	0.716980	0.615000	 0.402000	 1.000000
0.671667	0.671667	0.597000	 0.721930	1.000000	0.716276	0.615000	 0.403000	 1.000000
0.673333	0.673333	0.596000	 0.721240	1.000000	0.715572	0.615000	 0.404000	 1.000000
0.675000	0.675000	0.595000	 0.720550	1.000000	0.714868	0.615000	 0.405000	 1.000000
0.676667	0.676667	0.594000	 0.719860	1.000000	0.714164	0.615000	 0.406000	 1.000000
0.678333	0.678333	0.593000	 0.719170	1.000000	0.713460	0.615000	 0.407000	 1.000000
0.680000	0.680000	0.592000	 0.718480	1.000000	0.712756	0.615000	 0.408000	 1.000000
0.681667	0.681667	0.591000	 0.717790	1.000000	0.712052	0.615000	 0.409000	 1.000000
0.683333	0.683333	0.590000	 0.717100	1.000000	0.711348	0.615000	 0.410000	 1.000000
0.685000	0.685000	0.589000	 0.716410	1.000000	0.710644	0.615000	 0.411000	 1.000000
0.686667	0.686667	0.588000	 0.715720	1.000000	0.709940	0.615000	 0.412000	 1.000000
0.688333	0.688333	0.587000	 0.715030	1.000000	0.709236	0.615000	 0.413000	 1.000000
0.690000	0.690000	0.586000	 0.714340	1.000000	0.708532	0.615000	 0.414000	 1.000000
0.691667	0.691667	0.585000	 0.713650	1.000000	0.707828	0.615000	 0.415000	 1.000000
0.693333	0.693333	0.584000	 0.712960	1.000000	0.707124	0.615000	 0.416000	 1.000000
0.695000	0.695000	0.583000	 0.712270	1.000000	0.706419	0.615000	 0.417000	 1.000000
0.696667	0.696667	0.582000	 0.711580	1.000000	0.705715	0.615000	 0.418000	 1.000000
0.698333	0.698333	0.581000	 0.710890	1.000000	0.705011	0.615000	 0.419000	 1.000000
0.700000	0.700000	0.580000	 0.710200	1.000000	0.704307	0.615000	 0.420000	 1.000000
0.701667	0.701667	0.579000	 0.709510	1.000000	0.703603	0.615000	 0.421000	 1.000000
0.703333	0.703333	0.578000	 0.708820	1.000000	0.702899	0.615000	 0.422000	 1.000000
0.705000	0.705000	0.577000	 0.708130	1.000000	0.702195	0.615000	 0.423000	 1.000000
0.706667	0.706667	0.576000	 0.707440	1.000000	0.701491	0.615000	 0.424000	 1.000000
0.708333	0.708333	0.575000	 0.706750	1.000000	0.700787	0.615000	 0.425000	 1.000000
0.710000	0.710000	0.574000	 0.706060	1.000000	0.700083	0.615000	 0.426000	 1.000000
0.711667	0.711667	0.573000	 0.705370	1.000000	0.699379	0.615000	 0.427000	 1.000000
0.713333	0.713333	0.572000	 0.704680	1.000000	0.698675	0.615000	 0.428000	 1.000000
0.715000	0.715000	0.571000	 0.703990	1.000000	0.697971	0.615000	 0.429000	 1.000000
0.716667	0.716667	0.570000	 0.703300	1.000000	0.697267	0.615000	 0.430000	 1.000000
0.718333	0.718333	0.569000	 0.702610	1.000000	0.696563	0.615000	 0.431000	 1.000000
0.720000	0.720000	0.568000	 0.701920	1.000000	0.695859	0.615000	 0.432000	 1.000000
0.721667	0.721667	0.567000	 0.701230	1.000000	0.695155	0.615000	 0.433000	 1.000000
0.723333	0.723333	0.566000	 0.700540	1.000000	0.694451	0.615000	 0.434000	 1.000000
0.725000	0.725000	0.565000	 0.699850	1.000000	0.693747	0.615000	 0.435000	 1.000000
0.726667	0.726667	0.564000	 0.699160	1.000000	0.693043	0.615000	 0.436000	 1.000000
0.728333	0.728333	0.563000	 0.698470	1.000000	0.692339	0.615000	 0.437000	 1.000000
0.730000	0.730000	0.562000	 0.697780	1.000000	0.691635	0.615000	 0.438000	 1.000000
0.731667	0.731667	0.561000	 0.697090	1.000000	0.690931	0.615000	 0.439000	 1.000000
0.733333	0.733333	0.560000	 0.696400	1.000000	0.690227	0.615000	 0.440000	 1.000000
0.735000	0.735000	0.559000	 0.695710	1.000000	0.689523	0.615000	 0.441000	 1.000000
0.736667	0.736667	0.558000	 0.695020	1.000000	0.688819	0.615000	 0.442000	 1.000000
0.738333	0.738333	0.557000	 0.694330	1.000000	0.688115	0.615000	 0.443000	 1.000000
0.740000	0.740000	0.556000	 0.693640	1.000000	0.687411	0.615000	 0.444000	 1.000000
0.741667	0.741667	0.555000	 0.692950	1.000000	0.686707	0.615000	 0.445000	 1.000000
0.743333	0.743333	0.554000	 0.692260	1.000000	0.686003	0.615000	 0.446000	 1.000000
0.745000	0.745000	0.553000	 0.691570	1.000000	0.685299	0.615000	 0.447000	 1.000000
0.746667	0.746667	0.552000	 0.690880	1.000000	0.684595	0.615000	 0.448000	 1.000000
0.748333	0.748333	0.551000	 0.690190	1.000000	0.683891	0.615000	 0.449000	 1.000000
0.750000	0.750000	0.550000	 0.689500	1.000000	0.683187	0.615000	 0.450000	 1.000000
0.751667	0.751667	0.549000	 0.688810	1.000000	0.682482	0.615000	 0.451000	 1.000000
0.753333	0.753333	0.548000	 0.688120	1.000000	0.681778	0.615000	 0.452000	 1.000000
0.755000	0.755000	0.547000	 0.687430	1.000000	0.681074	0.615000	 0.453000	 1.000000
0.756667	0.756667	0.546000	 0.686740	1.000000	0.680370	0.615000	 0.454000	 1.000000
0.758333	0.758333	0.545000	 0.686050	1.000000	0.679666	0.615000	 0.455000	 1.000000
0.760000	0.760000	0.544000	 0.685360	1.000000	0.678962	0.615000	 0.456000	 1.000000
0.761667	0.761667	0.543000	 0.684670	1.000000	0.678258	0.615000	 0.457000	 1.000000
0.763333	0.763333	0.542000	 0.683980	1.000000	0.677554	0.615000	 0.458000	 1.000000
0.765000	0.765000	0.541000	 0.683290	1.000000	0.676850	0.615000	 0.459000	 1.000000
0.766667	0.766667	0.540000	 0.682600	1.000000	0.676146	0.615000	 0.460000	 1.000000
0.768333	0.768333	0.539000	 0.681910	1.000000	0.675442	0.615000	 0.461000	 1.000000
0.770000	0.770000	0.538000	 0.681220	1.000000	0.674738	0.615000	 0.462000	 1.000000
0.771667	0.771667	0.537000	 0.680530	1.000000	0.674034	0.615000	 0.463000	 1.000000
0.773333	0.773333	0.536000	 0.679840	1.000000	0.673330	0.615000	 0.464000	 1.000000
0.775000	0.775000	0.535000	 0.679150	1.000000	0.672626	0.615000	 0.465000	 1.000000
0.776667	0.776667	0.534000	 0.678460	1.000000	0.671922	0.615000	 0.466000	 1.000000
0.778333	0.778333	0.533000	 0.677770	1.000000	0.671218	0.615000	 0.467000	 1.000000
0.780000	0.780000	0.532000	 0.677080	1.000000	0.670514	0.615000	 0.468000	 1.000000
0.781667	0.781667	0.531000	 0.676390	1.000000	0.669810	0.615000	 0.469000	 1.000000
0.783333	0.783333	0.530000	 0.675700	1.000000	0.669106	0.615000	 0.470000	 1.000000
0.785000	0.785000	0.529000	 0.675010	1.000000	0.668402	0.615000	 0.471000	 1.000000
0.786667	0.786667	0.528000	 0.674320	1.000000	0.667698	0.615000	 0.472000	 1.000000
0.788333	0.788333	0.527000	 0.673630	1.000000	0.666994	0.615000	 0.473000	 1.000000
0.790000	0.790000	0.526000	 0.672940	1.000000	0.666290	0.615000	 0.474000	 1.000000
0.791667	0.791667	0.525000	 0.672250	1.000000	0.665586	0.615000	 0.475000	 1.000000
0.793333	0.793333	0.524000	 0.671560	1.000000	0.664882	0.615000	 0.476000	 1.000000
0.795000	0.795000	0.523000	 0.670870	1.000000	0.664178	0.615000	 0.477000	 1.000000
0.796667	0.796667	0.522000	 0.670180	1.000000	0.663474	0.615000	 0.478000	 1.000000
0.798333	0.798333	0.521000	 0.669490	1.000000	0.662770	0.615000	 0.479000	 1.000000
0.800000	0.800000	0.520000	 0.668800	1.000000	0.662066	0.615000	 0.480000	 1.000000
0.801667	0.801667	0.519000	 0.668110	1.000000	0.661362	0.615000	 0.481000	 1.000000
0.803333	0.803333	0.518000	 0.667420	1.000000	0.660658	0.615000	 0.482000	 1.000000
0.805000	0.805000	0.517000	 0.666730	1.000000	0.659954	0.615000	 0.483000	 1.000000
0.806667	0.806667	0.516000	 0.666040	1.000000	0.659249	0.615000	 0.484000	 1.000000
0.808333	0.808333	0.515000	 0.665350	1.000000	0.658545	0.615000	 0.485000	 1.000000
0.810000	0.810000	0.514000	 0.664660	1.000000	0.657841	0.615000	 0.486000	 1.000000
0.811667	0.811667	0.513000	 0.663970	1.000000	0.657137	0.615000	 0.487000	 1.000000
0.813333	0.813333	0.512000	 0.663280	1.000000	0.656433	0.615000	 0.488000	 1.000000
0.815000	0.815000	0.511000	 0.662590	1.000000	0.655729	0.615000	 0.489000	 1.000000
0.816667	0.816667	0.510000	 0.661900	1.000000	0.655025	0.615000	 0.490000	 1.000000
0.818333	0.818333	0.509000	 0.661210	1.000000	0.654321	0.615000	 0.491000	 1.000000
0.820000	0.820000	0.508000	 0.660520	1.000000	0.653617	0.615000	 0.492000	 1.000000
0.821667	0.821667	0.507000	 0.659830	1.000000	0.652913	0.615000	 0.493000	 1.000000
0.823333	0.823333	0.506000	 0.659140	1.000000	0.652209	0.615000	 0.494000	 1.000000
0.825000	0.825000	0.505000	 0.658450	1.000000	0.651505	0.615000	 0.495000	 1.000000
0.826667	0.826667	0.504000	 0.657760	1.000000	0.650801	0.615000	 0.496000	 1.000000
0.828333	0.828333	0.503000	 0.657070	1.000000	0.650097	0.615000	 0.497000	 1.000000
0.830000	0.830000	0.502000	 0.656380	1.000000	0.649393	0.615000	 0.498000	 1.000000
0.831667	0.831667	0.501000	 0.655690	1.000000	0.648689	0.615000	 0.499000	 1.000000
0.833333	0.833333	0.500000	 0.655000	1.000000	0.647985	0.615000	 0.500000	 1.000000
0.835000	0.835000	0.499000	 0.654310	1.000000	0.647281	0.615000	 0.501000	 1.000000
0.836667	0.836667	0.498000	 0.653620	1.000000	0.646577	0.615000	 0.502000	 1.000000
0.838333	0.838333	0.497000	 0.652930	1.000000	0.645873	0.615000	 0.503000	 1.000000
0.840000	0.840000	0.496000	 0.652240	1.000000	0.645169	0.615000	 0.504000	 1.000000
0.841667	0.841667	0.495000	 0.651550	1.000000	0.644465	0.615000	 0.505000	 1.000000
0.843333	0.843333	0.494000	 0.650860	1.000000	0.643761	0.615000	 0.506000	 1.000000
0.845000	0.845000	0.493000	 0.650170	1.000000	0.643057	0.615000	 0.507000	 1.000000
0.846667	0.846667	0.492000	 0.649480	1.000000	0.642353	0.615000	 0.508000	 1.000000
0.848333	0.848333	0.491000	 0.648790	1.000000	0.641649	0.615000	 0.509000	 1.000000
0.850000	0.850000	0.490000	 0.648100	1.000000	0.640945	0.615000	 0.510000	 1.000000
0.851667	0.851667	0.489000	 0.647410	1.000000	0.640241	0.615000	 0.511000	 1.000000
0.853333	0.853333	0.488000	 0.646720	1.000000	0.639537	0.615000	 0.512000	 1.000000
0.855000	0.855000	0.487000	 0.646030	1.000000	0.638833	0.615000	 0.513000	 1.000000
0.856667	0.856667	0.486000	 0.645340	1.000000	0.638129	0.615000	 0.514000	 1.000000
0.858333	0.858333	0.485000	 0.644650	1.000000	0.637425	0.615000	 0.515000	 1.000000
0.860000	0.860000	0.484000	 0.643960	1.000000	0.636721	0.615000	 0.516000	 1.000000
0.861667	0.861667	0.483000	 0.643270	1.000000	0.636016	0.615000	 0.517000	 1.000000
0.863333	0.863333	0.482000	 0.642580	1.000000	0.635312	0.615000	 0.518000	 1.000000
0.865000	0.865000	0.481000	 0.641890	1.000000	0.634608	0.615000	 0.519000	 1.000000
0.866667	0.866667	0.480000	 0.641200	1.000000	0.633904	0.615000	 0.520000	 1.000000
0.868333	0.868333	0.479000	 0.640510	1.000000	0.633200	0.615000	 0.521000	 1.000000
0.870000	0.870000	0.478000	 0.639820	1.000000	0.632496	0.615000	 0.522000	 1.000000
0.871667	0.871667	0.477000	 0.639130	1.000000	0.631792	0.615000	 0.523000	 1.000000
0.873333	0.873333	0.476000	 0.638440	1.000000	0.631088	0.615000	 0.524000	 1.000000
0.875000	0.875000	0.475000	 0.637750	1.000000	0.630384	0.615000	 0.525000	 1.000000
0.876667	0.876667	0.474000	 0.637060	1.000000	0.629680	0.615000	 0.526000	 1.000000
0.878333	0.878333	0.473000	 0.636370	1.000000	0.628976	0.615000	 0.527000	 1.000000
0.880000	0.880000	0.472000	 0.635680	1.000000	0.628272	0.615000	 0.528000	 1.000000
0.881667	0.881667	0.471000	 0.634990	1.000000	0.627568	0.615000	 0.529000	 1.000000
0.883333	0.883333	0.470000	 0.634300	1.000000	0.626864	0.615000	 0.530000	 1.000000
0.885000	0.885000	0.469000	 0.633610	1.000000	0.626160	0.615000	 0.531000	 1.000000
0.886667	0.886667	0.468000	 0.632920	1.000000	0.625456	0.615000	 0.532000	 1.000000
0.888333	0.888333	0.467000	 0.632230	1.000000	0.624752	0.615000	 0.533000	 1.000000
0.890000	0.890000	0.466000	 0.631540	1.000000	0.624048	0.615000	 0.534000	 1.000000
0.891667	0.891667	0.465000	 0.630850	1.000000	0.623344	0.615000	 0.535000	 1.000000
0.893333	0.893333	0.464000	 0.630160	1.000000	0.622640	0.615000	 0.536000	 1.000000
0.895000	0.895000	0.463000	 0.629470	1.000000	0.621936	0.615000	 0.537000	 1.000000
0.896667	0.896667	0.462000	 0.628780	1.000000	0.621232	0.615000	 0.538000	 1.000000
0.898333	0.898333	0.461000	 0.628090	1.000000	0.620528	0.615000	 0.539000	 1.000000
0.900000	0.900000	0.460000	 0.627400	1.000000	0.619824	0.615000	 0.540000	 1.000000
0.901667	0.901667	0.459000	 0.626710	1.000000	0.619120	0.615000	 0.541000	 1.000000
0.903333	0.903333	0.458000	 0.626020	1.000000	0.618416	0.615000	 0.542000	 1.000000
0.905000	0.905000	0.457000	 0.625330	1.000000	0.617712	0.615000	 0.543000	 1.000000
0.906667	0.906667	0.456000	 0.624640	1.000000	0.617008	0.615000	 0.544000	 1.000000
0.908333	0.908333	0.455000	 0.623950	1.000000	0.616304	0.615000	 0.545000	 1.000000
0.910000	0.910000	0.454000	 0.623260	1.000000	0.615600	0.615000	 0.546000	 1.000000
0.911667	0.911667	0.453000	 0.622570	1.000000	0.614896	0.615000	 0.547000	 1.000000
0.913333	0.913333	0.452000	 0.621880	1.000000	0.614192	0.615000	 0.548000	 1.000000
0.915000	0.915000	0.451000	 0.621190	1.000000	0.613488	0.615000	 0.549000	 1.000000
0.916667	0.916667	0.450000	 0.620500	1.000000	0.612784	0.615000	 0.550000	 1.000000
0.918333	0.918333	0.449000	 0.619810	1.000000	0.612079	0.615000	 0.551000	 1.000000
0.920000	0.920000	0.448000	 0.619120	1.000000	0.611375	0.615000	 0.552000	 1.000000
0.921667	0.921667	0.447000	 0.618430	1.000000	0.610671	0.615000	 0.553000	 1.000000
0.923333	0.923333	0.446000	 0.617740	1.000000	0.609967	0.615000	 0.554000	 1.000000
0.925000	0.925000	0.445000	 0.617050	1.000000	0.609263	0.615000	 0.555000	 1.000000
0.926667	0.926667	0.444000	 0.616360	1.000000	0.608559	0.615000	 0.556000	 1.000000
0.928333	0.928333	0.443000	 0.615670	1.000000	0.607855	0.615000	 0.557000	 1.000000
0.930000	0.930000	0.442000	 0.614980	1.000000	0.607151	0.615000	 0.558000	 1.000000
0.931667	0.931667	0.441000	 0.614290	1.000000	0.606447	0.615000	 0.559000	 1.000000
0.933333	0.933333	0.440000	 0.613600	1.000000	0.605743	0.615000	 0.560000	 1.000000
0.935000	0.935000	0.439000	 0.612910	1.000000	0.605039	0.615000	 0.561000	 1.000000
0.936667	0.936667	0.438000	 0.612220	1.000000	0.604335	0.615000	 0.562000	 1.000000
0.938333	0.938333	0.437000	 0.611530	1.000000	0.603631	0.615000	 0.563000	 1.000000
0.940000	0.940000	0.436000	 0.610840	1.000000	0.602927	0.615000	 0.564000	 1.000000
0.941667	0.941667	0.435000	 0.610150	1.000000	0.602223	0.615000	 0.565000	 1.000000
0.943333	0.943333	0.434000	 0.609460	1.000000	0.601519	0.615000	 0.566000	 1.000000
0.945000	0.945000	0.433000	 0.608770	1.000000	0.600815	0.615000	 0.567000	 1.000000
0.946667	0.946667	0.432000	 0.608080	1.000000	0.600111	0.615000	 0.568000	 1.000000
0.948333	0.948333	0.431000	 0.607390	1.000000	0.599407	0.615000	 0.569000	 1.000000
0.950000	0.950000	0.430000	 0.606700	1.000000	0.598703	0.615000	 0.570000	 1.000000
0.951667	0.951667	0.429000	 0.606010	1.000000	0.597999	0.615000	 0.571000	 1.000000
0.953333	0.953333	0.428000	 0.605320	1.000000	0.597295	0.615000	 0.572000	 1.000000
0.955000	0.955000	0.427000	 0.604630	1.000000	0.596591	0.615000	 0.573000	 1.000000
0.956667	0.956667	0.426000	 0.603940	1.000000	0.595887	0.615000	 0.574000	 1.000000
0.958333	0.958333	0.425000	 0.603250	1.000000	0.595183	0.615000	 0.575000	 1.000000
0.960000	0.960000	0.424000	 0.602560	1.000000	0.594479	0.615000	 0.576000	 1.000000
0.961667	0.961667	0.423000	 0.601870	1.000000	0.593775	0.615000	 0.577000	 1.000000
0.963333	0.963333	0.422000	 0.601180	1.000000	0.593071	0.615000	 0.578000	 1.000000
0.965000	0.965000	0.421000	 0.600490	1.000000	0.592367	0.615000	 0.579000	 1.000000
0.966667	0.966667	0.420000	 0.599800	1.000000	0.591663	0.615000	 0.580000	 1.000000
0.968333	0.968333	0.419000	 0.599110	1.000000	0.590959	0.615000	 0.581000	 1.000000
0.970000	0.970000	0.418000	 0.598420	1.000000	0.590255	0.615000	 0.582000	 1.000000
0.971667	0.971667	0.417000	 0.597730	1.000000	0.589551	0.615000	 0.583000	 1.000000
0.973333	0.973333	0.416000	 0.597040	1.000000	0.588846	0.615000	 0.584000	 1.000000
0.975000	0.975000	0.415000	 0.596350	1.000000	0.588142	0.615000	 0.585000	 1.000000
0.976667	0.976667	0.414000	 0.595660	1.000000	0.587438	0.615000	 0.586000	 1.000000
0.978333	0.978333	0.413000	 0.594970	1.000000	0.586734	0.615000	 0.587000	 1.000000
0.980000	0.980000	0.412000	 0.594280	1.000000	0.586030	0.615000	 0.588000	 1.000000
0.981667	0.981667	0.411000	 0.593590	1.000000	0.585326	0.615000	 0.589000	 1.000000
0.983333	0.983333	0.410000	 0.592900	1.000000	0.584622	0.615000	 0.590000	 1.000000
0.985000	0.985000	0.409000	 0.592210	1.000000	0.583918	0.615000	 0.591000	 1.000000
0.986667	0.986667	0.408000	 0.591520	1.000000	0.583214	0.615000	 0.592000	 1.000000
0.988333	0.988333	0.407000	 0.590830	1.000000	0.582510	0.615000	 0.593000	 1.000000
0.990000	0.990000	0.406000	 0.590140	1.000000	0.581806	0.615000	 0.594000	 1.000000
0.991667	0.991667	0.405000	 0.589450	1.000000	0.581102	0.615000	 0.595000	 1.000000
0.993333	0.993333	0.404000	 0.588760	1.000000	0.580398	0.615000	 0.596000	 1.000000
0.995000	0.995000	0.403000	 0.588070	1.000000	0.579694	0.615000	 0.597000	 1.000000
0.996667	0.996667	0.402000	 0.587380	1.000000	0.578990	0.615000	 0.598000	 1.000000
0.998333	0.998333	0.401000	 0.586690	1.000000	0.578286	0.615000	 0.599000	 1.000000
