#p 		 mp		 R 		 G 		B 		Y 	 h	s	v
0.000000	0.000000	1.000000	 1.000000	1.000000	1.000000	0.738000	 0.000000	 1.000000
0.001667	0.001667	0.999428	 0.999000	1.000000	0.999242	0.738000	 0.001000	 1.000000
0.003333	0.003333	0.998856	 0.998000	1.000000	0.998484	0.738000	 0.002000	 1.000000
0.005000	0.005000	0.998284	 0.997000	1.000000	0.997726	0.738000	 0.003000	 1.000000
0.006667	0.006667	0.997712	 0.996000	1.000000	0.996968	0.738000	 0.004000	 1.000000
0.008333	0.008333	0.997140	 0.995000	1.000000	0.996210	0.738000	 0.005000	 1.000000
0.010000	0.010000	0.996568	 0.994000	1.000000	0.995452	0.738000	 0.006000	 1.000000
0.011667	0.011667	0.995996	 0.993000	1.000000	0.994694	0.738000	 0.007000	 1.000000
0.013333	0.013333	0.995424	 0.992000	1.000000	0.993936	0.738000	 0.008000	 1.000000
0.015000	0.015000	0.994852	 0.991000	1.000000	0.993178	0.738000	 0.009000	 1.000000
0.016667	0.016667	0.994280	 0.990000	1.000000	0.992420	0.738000	 0.010000	 1.000000
0.018333	0.018333	0.993708	 0.989000	1.000000	0.991662	0.738000	 0.011000	 1.000000
0.020000	0.020000	0.993136	 0.988000	1.000000	0.990904	0.738000	 0.012000	 1.000000
0.021667	0.021667	0.992564	 0.987000	1.000000	0.990146	0.738000	 0.013000	 1.000000
0.023333	0.023333	0.991992	 0.986000	1.000000	0.989388	0.738000	 0.014000	 1.000000
0.025000	0.025000	0.991420	 0.985000	1.000000	0.988630	0.738000	 0.015000	 1.000000
0.026667	0.026667	0.990848	 0.984000	1.000000	0.987872	0.738000	 0.016000	 1.000000
0.028333	0.028333	0.990276	 0.983000	1.000000	0.987114	0.738000	 0.017000	 1.000000
0.030000	0.030000	0.989704	 0.982000	1.000000	0.986355	0.738000	 0.018000	 1.000000
0.031667	0.031667	0.989132	 0.981000	1.000000	0.985597	0.738000	 0.019000	 1.000000
0.033333	0.033333	0.988560	 0.980000	1.000000	0.984839	0.738000	 0.020000	 1.000000
0.035000	0.035000	0.987988	 0.979000	1.000000	0.984081	0.738000	 0.021000	 1.000000
0.036667	0.036667	0.987416	 0.978000	1.000000	0.983323	0.738000	 0.022000	 1.000000
0.038333	0.038333	0.986844	 0.977000	1.000000	0.982565	0.738000	 0.023000	 1.000000
0.040000	0.040000	0.986272	 0.976000	1.000000	0.981807	0.738000	 0.024000	 1.000000
0.041667	0.041667	0.985700	 0.975000	1.000000	0.981049	0.738000	 0.025000	 1.000000
0.043333	0.043333	0.985128	 0.974000	1.000000	0.980291	0.738000	 0.026000	 1.000000
0.045000	0.045000	0.984556	 0.973000	1.000000	0.979533	0.738000	 0.027000	 1.000000
0.046667	0.046667	0.983984	 0.972000	1.000000	0.978775	0.738000	 0.028000	 1.000000
0.048333	0.048333	0.983412	 0.971000	1.000000	0.978017	0.738000	 0.029000	 1.000000
0.050000	0.050000	0.982840	 0.970000	1.000000	0.977259	0.738000	 0.030000	 1.000000
0.051667	0.051667	0.982268	 0.969000	1.000000	0.976501	0.738000	 0.031000	 1.000000
0.053333	0.053333	0.981696	 0.968000	1.000000	0.975743	0.738000	 0.032000	 1.000000
0.055000	0.055000	0.981124	 0.967000	1.000000	0.974985	0.738000	 0.033000	 1.000000
0.056667	0.056667	0.980552	 0.966000	1.000000	0.974227	0.738000	 0.034000	 1.000000
0.058333	0.058333	0.979980	 0.965000	1.000000	0.973469	0.738000	 0.035000	 1.000000
0.060000	0.060000	0.979408	 0.964000	1.000000	0.972711	0.738000	 0.036000	 1.000000
0.061667	0.061667	0.978836	 0.963000	1.000000	0.971953	0.738000	 0.037000	 1.000000
0.063333	0.063333	0.978264	 0.962000	1.000000	0.971195	0.738000	 0.038000	 1.000000
0.065000	0.065000	0.977692	 0.961000	1.000000	0.970437	0.738000	 0.039000	 1.000000
0.066667	0.066667	0.977120	 0.960000	1.000000	0.969679	0.738000	 0.040000	 1.000000
0.068333	0.068333	0.976548	 0.959000	1.000000	0.968921	0.738000	 0.041000	 1.000000
0.070000	0.070000	0.975976	 0.958000	1.000000	0.968163	0.738000	 0.042000	 1.000000
0.071667	0.071667	0.975404	 0.957000	1.000000	0.967405	0.738000	 0.043000	 1.000000
0.073333	0.073333	0.974832	 0.956000	1.000000	0.966647	0.738000	 0.044000	 1.000000
0.075000	0.075000	0.974260	 0.955000	1.000000	0.965889	0.738000	 0.045000	 1.000000
0.076667	0.076667	0.973688	 0.954000	1.000000	0.965131	0.738000	 0.046000	 1.000000
0.078333	0.078333	0.973116	 0.953000	1.000000	0.964373	0.738000	 0.047000	 1.000000
0.080000	0.080000	0.972544	 0.952000	1.000000	0.963615	0.738000	 0.048000	 1.000000
0.081667	0.081667	0.971972	 0.951000	1.000000	0.962857	0.738000	 0.049000	 1.000000
0.083333	0.083333	0.971400	 0.950000	1.000000	0.962099	0.738000	 0.050000	 1.000000
0.085000	0.085000	0.970828	 0.949000	1.000000	0.961341	0.738000	 0.051000	 1.000000
0.086667	0.086667	0.970256	 0.948000	1.000000	0.960583	0.738000	 0.052000	 1.000000
0.088333	0.088333	0.969684	 0.947000	1.000000	0.959825	0.738000	 0.053000	 1.000000
0.090000	0.090000	0.969112	 0.946000	1.000000	0.959066	0.738000	 0.054000	 1.000000
0.091667	0.091667	0.968540	 0.945000	1.000000	0.958308	0.738000	 0.055000	 1.000000
0.093333	0.093333	0.967968	 0.944000	1.000000	0.957550	0.738000	 0.056000	 1.000000
0.095000	0.095000	0.967396	 0.943000	1.000000	0.956792	0.738000	 0.057000	 1.000000
0.096667	0.096667	0.966824	 0.942000	1.000000	0.956034	0.738000	 0.058000	 1.000000
0.098333	0.098333	0.966252	 0.941000	1.000000	0.955276	0.738000	 0.059000	 1.000000
0.100000	0.100000	0.965680	 0.940000	1.000000	0.954518	0.738000	 0.060000	 1.000000
0.101667	0.101667	0.965108	 0.939000	1.000000	0.953760	0.738000	 0.061000	 1.000000
0.103333	0.103333	0.964536	 0.938000	1.000000	0.953002	0.738000	 0.062000	 1.000000
0.105000	0.105000	0.963964	 0.937000	1.000000	0.952244	0.738000	 0.063000	 1.000000
0.106667	0.106667	0.963392	 0.936000	1.000000	0.951486	0.738000	 0.064000	 1.000000
0.108333	0.108333	0.962820	 0.935000	1.000000	0.950728	0.738000	 0.065000	 1.000000
0.110000	0.110000	0.962248	 0.934000	1.000000	0.949970	0.738000	 0.066000	 1.000000
0.111667	0.111667	0.961676	 0.933000	1.000000	0.949212	0.738000	 0.067000	 1.000000
0.113333	0.113333	0.961104	 0.932000	1.000000	0.948454	0.738000	 0.068000	 1.000000
0.115000	0.115000	0.960532	 0.931000	1.000000	0.947696	0.738000	 0.069000	 1.000000
0.116667	0.116667	0.959960	 0.930000	1.000000	0.946938	0.738000	 0.070000	 1.000000
0.118333	0.118333	0.959388	 0.929000	1.000000	0.946180	0.738000	 0.071000	 1.000000
0.120000	0.120000	0.958816	 0.928000	1.000000	0.945422	0.738000	 0.072000	 1.000000
0.121667	0.121667	0.958244	 0.927000	1.000000	0.944664	0.738000	 0.073000	 1.000000
0.123333	0.123333	0.957672	 0.926000	1.000000	0.943906	0.738000	 0.074000	 1.000000
0.125000	0.125000	0.957100	 0.925000	1.000000	0.943148	0.738000	 0.075000	 1.000000
0.126667	0.126667	0.956528	 0.924000	1.000000	0.942390	0.738000	 0.076000	 1.000000
0.128333	0.128333	0.955956	 0.923000	1.000000	0.941632	0.738000	 0.077000	 1.000000
0.130000	0.130000	0.955384	 0.922000	1.000000	0.940874	0.738000	 0.078000	 1.000000
0.131667	0.131667	0.954812	 0.921000	1.000000	0.940116	0.738000	 0.079000	 1.000000
0.133333	0.133333	0.954240	 0.920000	1.000000	0.939358	0.738000	 0.080000	 1.000000
0.135000	0.135000	0.953668	 0.919000	1.000000	0.938600	0.738000	 0.081000	 1.000000
0.136667	0.136667	0.953096	 0.918000	1.000000	0.937842	0.738000	 0.082000	 1.000000
0.138333	0.138333	0.952524	 0.917000	1.000000	0.937084	0.738000	 0.083000	 1.000000
0.140000	0.140000	0.951952	 0.916000	1.000000	0.936326	0.738000	 0.084000	 1.000000
0.141667	0.141667	0.951380	 0.915000	1.000000	0.935568	0.738000	 0.085000	 1.000000
0.143333	0.143333	0.950808	 0.914000	1.000000	0.934810	0.738000	 0.086000	 1.000000
0.145000	0.145000	0.950236	 0.913000	1.000000	0.934052	0.738000	 0.087000	 1.000000
0.146667	0.146667	0.949664	 0.912000	1.000000	0.933294	0.738000	 0.088000	 1.000000
0.148333	0.148333	0.949092	 0.911000	1.000000	0.932536	0.738000	 0.089000	 1.000000
0.150000	0.150000	0.948520	 0.910000	1.000000	0.931777	0.738000	 0.090000	 1.000000
0.151667	0.151667	0.947948	 0.909000	1.000000	0.931019	0.738000	 0.091000	 1.000000
0.153333	0.153333	0.947376	 0.908000	1.000000	0.930261	0.738000	 0.092000	 1.000000
0.155000	0.155000	0.946804	 0.907000	1.000000	0.929503	0.738000	 0.093000	 1.000000
0.156667	0.156667	0.946232	 0.906000	1.000000	0.928745	0.738000	 0.094000	 1.000000
0.158333	0.158333	0.945660	 0.905000	1.000000	0.927987	0.738000	 0.095000	 1.000000
0.160000	0.160000	0.945088	 0.904000	1.000000	0.927229	0.738000	 0.096000	 1.000000
0.161667	0.161667	0.944516	 0.903000	1.000000	0.926471	0.738000	 0.097000	 1.000000
0.163333	0.163333	0.943944	 0.902000	1.000000	0.925713	0.738000	 0.098000	 1.000000
0.165000	0.165000	0.943372	 0.901000	1.000000	0.924955	0.738000	 0.099000	 1.000000
0.166667	0.166667	0.942800	 0.900000	1.000000	0.924197	0.738000	 0.100000	 1.000000
0.168333	0.168333	0.942228	 0.899000	1.000000	0.923439	0.738000	 0.101000	 1.000000
0.170000	0.170000	0.941656	 0.898000	1.000000	0.922681	0.738000	 0.102000	 1.000000
0.171667	0.171667	0.941084	 0.897000	1.000000	0.921923	0.738000	 0.103000	 1.000000
0.173333	0.173333	0.940512	 0.896000	1.000000	0.921165	0.738000	 0.104000	 1.000000
0.175000	0.175000	0.939940	 0.895000	1.000000	0.920407	0.738000	 0.105000	 1.000000
0.176667	0.176667	0.939368	 0.894000	1.000000	0.919649	0.738000	 0.106000	 1.000000
0.178333	0.178333	0.938796	 0.893000	1.000000	0.918891	0.738000	 0.107000	 1.000000
0.180000	0.180000	0.938224	 0.892000	1.000000	0.918133	0.738000	 0.108000	 1.000000
0.181667	0.181667	0.937652	 0.891000	1.000000	0.917375	0.738000	 0.109000	 1.000000
0.183333	0.183333	0.937080	 0.890000	1.000000	0.916617	0.738000	 0.110000	 1.000000
0.185000	0.185000	0.936508	 0.889000	1.000000	0.915859	0.738000	 0.111000	 1.000000
0.186667	0.186667	0.935936	 0.888000	1.000000	0.915101	0.738000	 0.112000	 1.000000
0.188333	0.188333	0.935364	 0.887000	1.000000	0.914343	0.738000	 0.113000	 1.000000
0.190000	0.190000	0.934792	 0.886000	1.000000	0.913585	0.738000	 0.114000	 1.000000
0.191667	0.191667	0.934220	 0.885000	1.000000	0.912827	0.738000	 0.115000	 1.000000
0.193333	0.193333	0.933648	 0.884000	1.000000	0.912069	0.738000	 0.116000	 1.000000
0.195000	0.195000	0.933076	 0.883000	1.000000	0.911311	0.738000	 0.117000	 1.000000
0.196667	0.196667	0.932504	 0.882000	1.000000	0.910553	0.738000	 0.118000	 1.000000
0.198333	0.198333	0.931932	 0.881000	1.000000	0.909795	0.738000	 0.119000	 1.000000
0.200000	0.200000	0.931360	 0.880000	1.000000	0.909037	0.738000	 0.120000	 1.000000
0.201667	0.201667	0.930788	 0.879000	1.000000	0.908279	0.738000	 0.121000	 1.000000
0.203333	0.203333	0.930216	 0.878000	1.000000	0.907521	0.738000	 0.122000	 1.000000
0.205000	0.205000	0.929644	 0.877000	1.000000	0.906763	0.738000	 0.123000	 1.000000
0.206667	0.206667	0.929072	 0.876000	1.000000	0.906005	0.738000	 0.124000	 1.000000
0.208333	0.208333	0.928500	 0.875000	1.000000	0.905246	0.738000	 0.125000	 1.000000
0.210000	0.210000	0.927928	 0.874000	1.000000	0.904488	0.738000	 0.126000	 1.000000
0.211667	0.211667	0.927356	 0.873000	1.000000	0.903730	0.738000	 0.127000	 1.000000
0.213333	0.213333	0.926784	 0.872000	1.000000	0.902972	0.738000	 0.128000	 1.000000
0.215000	0.215000	0.926212	 0.871000	1.000000	0.902214	0.738000	 0.129000	 1.000000
0.216667	0.216667	0.925640	 0.870000	1.000000	0.901456	0.738000	 0.130000	 1.000000
0.218333	0.218333	0.925068	 0.869000	1.000000	0.900698	0.738000	 0.131000	 1.000000
0.220000	0.220000	0.924496	 0.868000	1.000000	0.899940	0.738000	 0.132000	 1.000000
0.221667	0.221667	0.923924	 0.867000	1.000000	0.899182	0.738000	 0.133000	 1.000000
0.223333	0.223333	0.923352	 0.866000	1.000000	0.898424	0.738000	 0.134000	 1.000000
0.225000	0.225000	0.922780	 0.865000	1.000000	0.897666	0.738000	 0.135000	 1.000000
0.226667	0.226667	0.922208	 0.864000	1.000000	0.896908	0.738000	 0.136000	 1.000000
0.228333	0.228333	0.921636	 0.863000	1.000000	0.896150	0.738000	 0.137000	 1.000000
0.230000	0.230000	0.921064	 0.862000	1.000000	0.895392	0.738000	 0.138000	 1.000000
0.231667	0.231667	0.920492	 0.861000	1.000000	0.894634	0.738000	 0.139000	 1.000000
0.233333	0.233333	0.919920	 0.860000	1.000000	0.893876	0.738000	 0.140000	 1.000000
0.235000	0.235000	0.919348	 0.859000	1.000000	0.893118	0.738000	 0.141000	 1.000000
0.236667	0.236667	0.918776	 0.858000	1.000000	0.892360	0.738000	 0.142000	 1.000000
0.238333	0.238333	0.918204	 0.857000	1.000000	0.891602	0.738000	 0.143000	 1.000000
0.240000	0.240000	0.917632	 0.856000	1.000000	0.890844	0.738000	 0.144000	 1.000000
0.241667	0.241667	0.917060	 0.855000	1.000000	0.890086	0.738000	 0.145000	 1.000000
0.243333	0.243333	0.916488	 0.854000	1.000000	0.889328	0.738000	 0.146000	 1.000000
0.245000	0.245000	0.915916	 0.853000	1.000000	0.888570	0.738000	 0.147000	 1.000000
0.246667	0.246667	0.915344	 0.852000	1.000000	0.887812	0.738000	 0.148000	 1.000000
0.248333	0.248333	0.914772	 0.851000	1.000000	0.887054	0.738000	 0.149000	 1.000000
0.250000	0.250000	0.914200	 0.850000	1.000000	0.886296	0.738000	 0.150000	 1.000000
0.251667	0.251667	0.913628	 0.849000	1.000000	0.885538	0.738000	 0.151000	 1.000000
0.253333	0.253333	0.913056	 0.848000	1.000000	0.884780	0.738000	 0.152000	 1.000000
0.255000	0.255000	0.912484	 0.847000	1.000000	0.884022	0.738000	 0.153000	 1.000000
0.256667	0.256667	0.911912	 0.846000	1.000000	0.883264	0.738000	 0.154000	 1.000000
0.258333	0.258333	0.911340	 0.845000	1.000000	0.882506	0.738000	 0.155000	 1.000000
0.260000	0.260000	0.910768	 0.844000	1.000000	0.881748	0.738000	 0.156000	 1.000000
0.261667	0.261667	0.910196	 0.843000	1.000000	0.880990	0.738000	 0.157000	 1.000000
0.263333	0.263333	0.909624	 0.842000	1.000000	0.880232	0.738000	 0.158000	 1.000000
0.265000	0.265000	0.909052	 0.841000	1.000000	0.879474	0.738000	 0.159000	 1.000000
0.266667	0.266667	0.908480	 0.840000	1.000000	0.878716	0.738000	 0.160000	 1.000000
0.268333	0.268333	0.907908	 0.839000	1.000000	0.877957	0.738000	 0.161000	 1.000000
0.270000	0.270000	0.907336	 0.838000	1.000000	0.877199	0.738000	 0.162000	 1.000000
0.271667	0.271667	0.906764	 0.837000	1.000000	0.876441	0.738000	 0.163000	 1.000000
0.273333	0.273333	0.906192	 0.836000	1.000000	0.875683	0.738000	 0.164000	 1.000000
0.275000	0.275000	0.905620	 0.835000	1.000000	0.874925	0.738000	 0.165000	 1.000000
0.276667	0.276667	0.905048	 0.834000	1.000000	0.874167	0.738000	 0.166000	 1.000000
0.278333	0.278333	0.904476	 0.833000	1.000000	0.873409	0.738000	 0.167000	 1.000000
0.280000	0.280000	0.903904	 0.832000	1.000000	0.872651	0.738000	 0.168000	 1.000000
0.281667	0.281667	0.903332	 0.831000	1.000000	0.871893	0.738000	 0.169000	 1.000000
0.283333	0.283333	0.902760	 0.830000	1.000000	0.871135	0.738000	 0.170000	 1.000000
0.285000	0.285000	0.902188	 0.829000	1.000000	0.870377	0.738000	 0.171000	 1.000000
0.286667	0.286667	0.901616	 0.828000	1.000000	0.869619	0.738000	 0.172000	 1.000000
0.288333	0.288333	0.901044	 0.827000	1.000000	0.868861	0.738000	 0.173000	 1.000000
0.290000	0.290000	0.900472	 0.826000	1.000000	0.868103	0.738000	 0.174000	 1.000000
0.291667	0.291667	0.899900	 0.825000	1.000000	0.867345	0.738000	 0.175000	 1.000000
0.293333	0.293333	0.899328	 0.824000	1.000000	0.866587	0.738000	 0.176000	 1.000000
0.295000	0.295000	0.898756	 0.823000	1.000000	0.865829	0.738000	 0.177000	 1.000000
0.296667	0.296667	0.898184	 0.822000	1.000000	0.865071	0.738000	 0.178000	 1.000000
0.298333	0.298333	0.897612	 0.821000	1.000000	0.864313	0.738000	 0.179000	 1.000000
0.300000	0.300000	0.897040	 0.820000	1.000000	0.863555	0.738000	 0.180000	 1.000000
0.301667	0.301667	0.896468	 0.819000	1.000000	0.862797	0.738000	 0.181000	 1.000000
0.303333	0.303333	0.895896	 0.818000	1.000000	0.862039	0.738000	 0.182000	 1.000000
0.305000	0.305000	0.895324	 0.817000	1.000000	0.861281	0.738000	 0.183000	 1.000000
0.306667	0.306667	0.894752	 0.816000	1.000000	0.860523	0.738000	 0.184000	 1.000000
0.308333	0.308333	0.894180	 0.815000	1.000000	0.859765	0.738000	 0.185000	 1.000000
0.310000	0.310000	0.893608	 0.814000	1.000000	0.859007	0.738000	 0.186000	 1.000000
0.311667	0.311667	0.893036	 0.813000	1.000000	0.858249	0.738000	 0.187000	 1.000000
0.313333	0.313333	0.892464	 0.812000	1.000000	0.857491	0.738000	 0.188000	 1.000000
0.315000	0.315000	0.891892	 0.811000	1.000000	0.856733	0.738000	 0.189000	 1.000000
0.316667	0.316667	0.891320	 0.810000	1.000000	0.855975	0.738000	 0.190000	 1.000000
0.318333	0.318333	0.890748	 0.809000	1.000000	0.855217	0.738000	 0.191000	 1.000000
0.320000	0.320000	0.890176	 0.808000	1.000000	0.854459	0.738000	 0.192000	 1.000000
0.321667	0.321667	0.889604	 0.807000	1.000000	0.853701	0.738000	 0.193000	 1.000000
0.323333	0.323333	0.889032	 0.806000	1.000000	0.852943	0.738000	 0.194000	 1.000000
0.325000	0.325000	0.888460	 0.805000	1.000000	0.852185	0.738000	 0.195000	 1.000000
0.326667	0.326667	0.887888	 0.804000	1.000000	0.851427	0.738000	 0.196000	 1.000000
0.328333	0.328333	0.887316	 0.803000	1.000000	0.850668	0.738000	 0.197000	 1.000000
0.330000	0.330000	0.886744	 0.802000	1.000000	0.849910	0.738000	 0.198000	 1.000000
0.331667	0.331667	0.886172	 0.801000	1.000000	0.849152	0.738000	 0.199000	 1.000000
0.333333	0.333333	0.885600	 0.800000	1.000000	0.848394	0.738000	 0.200000	 1.000000
0.335000	0.335000	0.885028	 0.799000	1.000000	0.847636	0.738000	 0.201000	 1.000000
0.336667	0.336667	0.884456	 0.798000	1.000000	0.846878	0.738000	 0.202000	 1.000000
0.338333	0.338333	0.883884	 0.797000	1.000000	0.846120	0.738000	 0.203000	 1.000000
0.340000	0.340000	0.883312	 0.796000	1.000000	0.845362	0.738000	 0.204000	 1.000000
0.341667	0.341667	0.882740	 0.795000	1.000000	0.844604	0.738000	 0.205000	 1.000000
0.343333	0.343333	0.882168	 0.794000	1.000000	0.843846	0.738000	 0.206000	 1.000000
0.345000	0.345000	0.881596	 0.793000	1.000000	0.843088	0.738000	 0.207000	 1.000000
0.346667	0.346667	0.881024	 0.792000	1.000000	0.842330	0.738000	 0.208000	 1.000000
0.348333	0.348333	0.880452	 0.791000	1.000000	0.841572	0.738000	 0.209000	 1.000000
0.350000	0.350000	0.879880	 0.790000	1.000000	0.840814	0.738000	 0.210000	 1.000000
0.351667	0.351667	0.879308	 0.789000	1.000000	0.840056	0.738000	 0.211000	 1.000000
0.353333	0.353333	0.878736	 0.788000	1.000000	0.839298	0.738000	 0.212000	 1.000000
0.355000	0.355000	0.878164	 0.787000	1.000000	0.838540	0.738000	 0.213000	 1.000000
0.356667	0.356667	0.877592	 0.786000	1.000000	0.837782	0.738000	 0.214000	 1.000000
0.358333	0.358333	0.877020	 0.785000	1.000000	0.837024	0.738000	 0.215000	 1.000000
0.360000	0.360000	0.876448	 0.784000	1.000000	0.836266	0.738000	 0.216000	 1.000000
0.361667	0.361667	0.875876	 0.783000	1.000000	0.835508	0.738000	 0.217000	 1.000000
0.363333	0.363333	0.875304	 0.782000	1.000000	0.834750	0.738000	 0.218000	 1.000000
0.365000	0.365000	0.874732	 0.781000	1.000000	0.833992	0.738000	 0.219000	 1.000000
0.366667	0.366667	0.874160	 0.780000	1.000000	0.833234	0.738000	 0.220000	 1.000000
0.368333	0.368333	0.873588	 0.779000	1.000000	0.832476	0.738000	 0.221000	 1.000000
0.370000	0.370000	0.873016	 0.778000	1.000000	0.831718	0.738000	 0.222000	 1.000000
0.371667	0.371667	0.872444	 0.777000	1.000000	0.830960	0.738000	 0.223000	 1.000000
0.373333	0.373333	0.871872	 0.776000	1.000000	0.830202	0.738000	 0.224000	 1.000000
0.375000	0.375000	0.871300	 0.775000	1.000000	0.829444	0.738000	 0.225000	 1.000000
0.376667	0.376667	0.870728	 0.774000	1.000000	0.828686	0.738000	 0.226000	 1.000000
0.378333	0.378333	0.870156	 0.773000	1.000000	0.827928	0.738000	 0.227000	 1.000000
0.380000	0.380000	0.869584	 0.772000	1.000000	0.827170	0.738000	 0.228000	 1.000000
0.381667	0.381667	0.869012	 0.771000	1.000000	0.826412	0.738000	 0.229000	 1.000000
0.383333	0.383333	0.868440	 0.770000	1.000000	0.825654	0.738000	 0.230000	 1.000000
0.385000	0.385000	0.867868	 0.769000	1.000000	0.824896	0.738000	 0.231000	 1.000000
0.386667	0.386667	0.867296	 0.768000	1.000000	0.824138	0.738000	 0.232000	 1.000000
0.388333	0.388333	0.866724	 0.767000	1.000000	0.823379	0.738000	 0.233000	 1.000000
0.390000	0.390000	0.866152	 0.766000	1.000000	0.822621	0.738000	 0.234000	 1.000000
0.391667	0.391667	0.865580	 0.765000	1.000000	0.821863	0.738000	 0.235000	 1.000000
0.393333	0.393333	0.865008	 0.764000	1.000000	0.821105	0.738000	 0.236000	 1.000000
0.395000	0.395000	0.864436	 0.763000	1.000000	0.820347	0.738000	 0.237000	 1.000000
0.396667	0.396667	0.863864	 0.762000	1.000000	0.819589	0.738000	 0.238000	 1.000000
0.398333	0.398333	0.863292	 0.761000	1.000000	0.818831	0.738000	 0.239000	 1.000000
0.400000	0.400000	0.862720	 0.760000	1.000000	0.818073	0.738000	 0.240000	 1.000000
0.401667	0.401667	0.862148	 0.759000	1.000000	0.817315	0.738000	 0.241000	 1.000000
0.403333	0.403333	0.861576	 0.758000	1.000000	0.816557	0.738000	 0.242000	 1.000000
0.405000	0.405000	0.861004	 0.757000	1.000000	0.815799	0.738000	 0.243000	 1.000000
0.406667	0.406667	0.860432	 0.756000	1.000000	0.815041	0.738000	 0.244000	 1.000000
0.408333	0.408333	0.859860	 0.755000	1.000000	0.814283	0.738000	 0.245000	 1.000000
0.410000	0.410000	0.859288	 0.754000	1.000000	0.813525	0.738000	 0.246000	 1.000000
0.411667	0.411667	0.858716	 0.753000	1.000000	0.812767	0.738000	 0.247000	 1.000000
0.413333	0.413333	0.858144	 0.752000	1.000000	0.812009	0.738000	 0.248000	 1.000000
0.415000	0.415000	0.857572	 0.751000	1.000000	0.811251	0.738000	 0.249000	 1.000000
0.416667	0.416667	0.857000	 0.750000	1.000000	0.810493	0.738000	 0.250000	 1.000000
0.418333	0.418333	0.856428	 0.749000	1.000000	0.809735	0.738000	 0.251000	 1.000000
0.420000	0.420000	0.855856	 0.748000	1.000000	0.808977	0.738000	 0.252000	 1.000000
0.421667	0.421667	0.855284	 0.747000	1.000000	0.808219	0.738000	 0.253000	 1.000000
0.423333	0.423333	0.854712	 0.746000	1.000000	0.807461	0.738000	 0.254000	 1.000000
0.425000	0.425000	0.854140	 0.745000	1.000000	0.806703	0.738000	 0.255000	 1.000000
0.426667	0.426667	0.853568	 0.744000	1.000000	0.805945	0.738000	 0.256000	 1.000000
0.428333	0.428333	0.852996	 0.743000	1.000000	0.805187	0.738000	 0.257000	 1.000000
0.430000	0.430000	0.852424	 0.742000	1.000000	0.804429	0.738000	 0.258000	 1.000000
0.431667	0.431667	0.851852	 0.741000	1.000000	0.803671	0.738000	 0.259000	 1.000000
0.433333	0.433333	0.851280	 0.740000	1.000000	0.802913	0.738000	 0.260000	 1.000000
0.435000	0.435000	0.850708	 0.739000	1.000000	0.802155	0.738000	 0.261000	 1.000000
0.436667	0.436667	0.850136	 0.738000	1.000000	0.801397	0.738000	 0.262000	 1.000000
0.438333	0.438333	0.849564	 0.737000	1.000000	0.800639	0.738000	 0.263000	 1.000000
0.440000	0.440000	0.848992	 0.736000	1.000000	0.799881	0.738000	 0.264000	 1.000000
0.441667	0.441667	0.848420	 0.735000	1.000000	0.799123	0.738000	 0.265000	 1.000000
0.443333	0.443333	0.847848	 0.734000	1.000000	0.798365	0.738000	 0.266000	 1.000000
0.445000	0.445000	0.847276	 0.733000	1.000000	0.797607	0.738000	 0.267000	 1.000000
0.446667	0.446667	0.846704	 0.732000	1.000000	0.796848	0.738000	 0.268000	 1.000000
0.448333	0.448333	0.846132	 0.731000	1.000000	0.796090	0.738000	 0.269000	 1.000000
0.450000	0.450000	0.845560	 0.730000	1.000000	0.795332	0.738000	 0.270000	 1.000000
0.451667	0.451667	0.844988	 0.729000	1.000000	0.794574	0.738000	 0.271000	 1.000000
0.453333	0.453333	0.844416	 0.728000	1.000000	0.793816	0.738000	 0.272000	 1.000000
0.455000	0.455000	0.843844	 0.727000	1.000000	0.793058	0.738000	 0.273000	 1.000000
0.456667	0.456667	0.843272	 0.726000	1.000000	0.792300	0.738000	 0.274000	 1.000000
0.458333	0.458333	0.842700	 0.725000	1.000000	0.791542	0.738000	 0.275000	 1.000000
0.460000	0.460000	0.842128	 0.724000	1.000000	0.790784	0.738000	 0.276000	 1.000000
0.461667	0.461667	0.841556	 0.723000	1.000000	0.790026	0.738000	 0.277000	 1.000000
0.463333	0.463333	0.840984	 0.722000	1.000000	0.789268	0.738000	 0.278000	 1.000000
0.465000	0.465000	0.840412	 0.721000	1.000000	0.788510	0.738000	 0.279000	 1.000000
0.466667	0.466667	0.839840	 0.720000	1.000000	0.787752	0.738000	 0.280000	 1.000000
0.468333	0.468333	0.839268	 0.719000	1.000000	0.786994	0.738000	 0.281000	 1.000000
0.470000	0.470000	0.838696	 0.718000	1.000000	0.786236	0.738000	 0.282000	 1.000000
0.471667	0.471667	0.838124	 0.717000	1.000000	0.785478	0.738000	 0.283000	 1.000000
0.473333	0.473333	0.837552	 0.716000	1.000000	0.784720	0.738000	 0.284000	 1.000000
0.475000	0.475000	0.836980	 0.715000	1.000000	0.783962	0.738000	 0.285000	 1.000000
0.476667	0.476667	0.836408	 0.714000	1.000000	0.783204	0.738000	 0.286000	 1.000000
0.478333	0.478333	0.835836	 0.713000	1.000000	0.782446	0.738000	 0.287000	 1.000000
0.480000	0.480000	0.835264	 0.712000	1.000000	0.781688	0.738000	 0.288000	 1.000000
0.481667	0.481667	0.834692	 0.711000	1.000000	0.780930	0.738000	 0.289000	 1.000000
0.483333	0.483333	0.834120	 0.710000	1.000000	0.780172	0.738000	 0.290000	 1.000000
0.485000	0.485000	0.833548	 0.709000	1.000000	0.779414	0.738000	 0.291000	 1.000000
0.486667	0.486667	0.832976	 0.708000	1.000000	0.778656	0.738000	 0.292000	 1.000000
0.488333	0.488333	0.832404	 0.707000	1.000000	0.777898	0.738000	 0.293000	 1.000000
0.490000	0.490000	0.831832	 0.706000	1.000000	0.777140	0.738000	 0.294000	 1.000000
0.491667	0.491667	0.831260	 0.705000	1.000000	0.776382	0.738000	 0.295000	 1.000000
0.493333	0.493333	0.830688	 0.704000	1.000000	0.775624	0.738000	 0.296000	 1.000000
0.495000	0.495000	0.830116	 0.703000	1.000000	0.774866	0.738000	 0.297000	 1.000000
0.496667	0.496667	0.829544	 0.702000	1.000000	0.774108	0.738000	 0.298000	 1.000000
0.498333	0.498333	0.828972	 0.701000	1.000000	0.773350	0.738000	 0.299000	 1.000000
0.500000	0.500000	0.828400	 0.700000	1.000000	0.772592	0.738000	 0.300000	 1.000000
0.501667	0.501667	0.827828	 0.699000	1.000000	0.771834	0.738000	 0.301000	 1.000000
0.503333	0.503333	0.827256	 0.698000	1.000000	0.771076	0.738000	 0.302000	 1.000000
0.505000	0.505000	0.826684	 0.697000	1.000000	0.770318	0.738000	 0.303000	 1.000000
0.506667	0.506667	0.826112	 0.696000	1.000000	0.769559	0.738000	 0.304000	 1.000000
0.508333	0.508333	0.825540	 0.695000	1.000000	0.768801	0.738000	 0.305000	 1.000000
0.510000	0.510000	0.824968	 0.694000	1.000000	0.768043	0.738000	 0.306000	 1.000000
0.511667	0.511667	0.824396	 0.693000	1.000000	0.767285	0.738000	 0.307000	 1.000000
0.513333	0.513333	0.823824	 0.692000	1.000000	0.766527	0.738000	 0.308000	 1.000000
0.515000	0.515000	0.823252	 0.691000	1.000000	0.765769	0.738000	 0.309000	 1.000000
0.516667	0.516667	0.822680	 0.690000	1.000000	0.765011	0.738000	 0.310000	 1.000000
0.518333	0.518333	0.822108	 0.689000	1.000000	0.764253	0.738000	 0.311000	 1.000000
0.520000	0.520000	0.821536	 0.688000	1.000000	0.763495	0.738000	 0.312000	 1.000000
0.521667	0.521667	0.820964	 0.687000	1.000000	0.762737	0.738000	 0.313000	 1.000000
0.523333	0.523333	0.820392	 0.686000	1.000000	0.761979	0.738000	 0.314000	 1.000000
0.525000	0.525000	0.819820	 0.685000	1.000000	0.761221	0.738000	 0.315000	 1.000000
0.526667	0.526667	0.819248	 0.684000	1.000000	0.760463	0.738000	 0.316000	 1.000000
0.528333	0.528333	0.818676	 0.683000	1.000000	0.759705	0.738000	 0.317000	 1.000000
0.530000	0.530000	0.818104	 0.682000	1.000000	0.758947	0.738000	 0.318000	 1.000000
0.531667	0.531667	0.817532	 0.681000	1.000000	0.758189	0.738000	 0.319000	 1.000000
0.533333	0.533333	0.816960	 0.680000	1.000000	0.757431	0.738000	 0.320000	 1.000000
0.535000	0.535000	0.816388	 0.679000	1.000000	0.756673	0.738000	 0.321000	 1.000000
0.536667	0.536667	0.815816	 0.678000	1.000000	0.755915	0.738000	 0.322000	 1.000000
0.538333	0.538333	0.815244	 0.677000	1.000000	0.755157	0.738000	 0.323000	 1.000000
0.540000	0.540000	0.814672	 0.676000	1.000000	0.754399	0.738000	 0.324000	 1.000000
0.541667	0.541667	0.814100	 0.675000	1.000000	0.753641	0.738000	 0.325000	 1.000000
0.543333	0.543333	0.813528	 0.674000	1.000000	0.752883	0.738000	 0.326000	 1.000000
0.545000	0.545000	0.812956	 0.673000	1.000000	0.752125	0.738000	 0.327000	 1.000000
0.546667	0.546667	0.812384	 0.672000	1.000000	0.751367	0.738000	 0.328000	 1.000000
0.548333	0.548333	0.811812	 0.671000	1.000000	0.750609	0.738000	 0.329000	 1.000000
0.550000	0.550000	0.811240	 0.670000	1.000000	0.749851	0.738000	 0.330000	 1.000000
0.551667	0.551667	0.810668	 0.669000	1.000000	0.749093	0.738000	 0.331000	 1.000000
0.553333	0.553333	0.810096	 0.668000	1.000000	0.748335	0.738000	 0.332000	 1.000000
0.555000	0.555000	0.809524	 0.667000	1.000000	0.747577	0.738000	 0.333000	 1.000000
0.556667	0.556667	0.808952	 0.666000	1.000000	0.746819	0.738000	 0.334000	 1.000000
0.558333	0.558333	0.808380	 0.665000	1.000000	0.746061	0.738000	 0.335000	 1.000000
0.560000	0.560000	0.807808	 0.664000	1.000000	0.745303	0.738000	 0.336000	 1.000000
0.561667	0.561667	0.807236	 0.663000	1.000000	0.744545	0.738000	 0.337000	 1.000000
0.563333	0.563333	0.806664	 0.662000	1.000000	0.743787	0.738000	 0.338000	 1.000000
0.565000	0.565000	0.806092	 0.661000	1.000000	0.743029	0.738000	 0.339000	 1.000000
0.566667	0.566667	0.805520	 0.660000	1.000000	0.742270	0.738000	 0.340000	 1.000000
0.568333	0.568333	0.804948	 0.659000	1.000000	0.741512	0.738000	 0.341000	 1.000000
0.570000	0.570000	0.804376	 0.658000	1.000000	0.740754	0.738000	 0.342000	 1.000000
0.571667	0.571667	0.803804	 0.657000	1.000000	0.739996	0.738000	 0.343000	 1.000000
0.573333	0.573333	0.803232	 0.656000	1.000000	0.739238	0.738000	 0.344000	 1.000000
0.575000	0.575000	0.802660	 0.655000	1.000000	0.738480	0.738000	 0.345000	 1.000000
0.576667	0.576667	0.802088	 0.654000	1.000000	0.737722	0.738000	 0.346000	 1.000000
0.578333	0.578333	0.801516	 0.653000	1.000000	0.736964	0.738000	 0.347000	 1.000000
0.580000	0.580000	0.800944	 0.652000	1.000000	0.736206	0.738000	 0.348000	 1.000000
0.581667	0.581667	0.800372	 0.651000	1.000000	0.735448	0.738000	 0.349000	 1.000000
0.583333	0.583333	0.799800	 0.650000	1.000000	0.734690	0.738000	 0.350000	 1.000000
0.585000	0.585000	0.799228	 0.649000	1.000000	0.733932	0.738000	 0.351000	 1.000000
0.586667	0.586667	0.798656	 0.648000	1.000000	0.733174	0.738000	 0.352000	 1.000000
0.588333	0.588333	0.798084	 0.647000	1.000000	0.732416	0.738000	 0.353000	 1.000000
0.590000	0.590000	0.797512	 0.646000	1.000000	0.731658	0.738000	 0.354000	 1.000000
0.591667	0.591667	0.796940	 0.645000	1.000000	0.730900	0.738000	 0.355000	 1.000000
0.593333	0.593333	0.796368	 0.644000	1.000000	0.730142	0.738000	 0.356000	 1.000000
0.595000	0.595000	0.795796	 0.643000	1.000000	0.729384	0.738000	 0.357000	 1.000000
0.596667	0.596667	0.795224	 0.642000	1.000000	0.728626	0.738000	 0.358000	 1.000000
0.598333	0.598333	0.794652	 0.641000	1.000000	0.727868	0.738000	 0.359000	 1.000000
0.600000	0.600000	0.794080	 0.640000	1.000000	0.727110	0.738000	 0.360000	 1.000000
0.601667	0.601667	0.793508	 0.639000	1.000000	0.726352	0.738000	 0.361000	 1.000000
0.603333	0.603333	0.792936	 0.638000	1.000000	0.725594	0.738000	 0.362000	 1.000000
0.605000	0.605000	0.792364	 0.637000	1.000000	0.724836	0.738000	 0.363000	 1.000000
0.606667	0.606667	0.791792	 0.636000	1.000000	0.724078	0.738000	 0.364000	 1.000000
0.608333	0.608333	0.791220	 0.635000	1.000000	0.723320	0.738000	 0.365000	 1.000000
0.610000	0.610000	0.790648	 0.634000	1.000000	0.722562	0.738000	 0.366000	 1.000000
0.611667	0.611667	0.790076	 0.633000	1.000000	0.721804	0.738000	 0.367000	 1.000000
0.613333	0.613333	0.789504	 0.632000	1.000000	0.721046	0.738000	 0.368000	 1.000000
0.615000	0.615000	0.788932	 0.631000	1.000000	0.720288	0.738000	 0.369000	 1.000000
0.616667	0.616667	0.788360	 0.630000	1.000000	0.719530	0.738000	 0.370000	 1.000000
0.618333	0.618333	0.787788	 0.629000	1.000000	0.718772	0.738000	 0.371000	 1.000000
0.620000	0.620000	0.787216	 0.628000	1.000000	0.718014	0.738000	 0.372000	 1.000000
0.621667	0.621667	0.786644	 0.627000	1.000000	0.717256	0.738000	 0.373000	 1.000000
0.623333	0.623333	0.786072	 0.626000	1.000000	0.716498	0.738000	 0.374000	 1.000000
0.625000	0.625000	0.785500	 0.625000	1.000000	0.715739	0.738000	 0.375000	 1.000000
0.626667	0.626667	0.784928	 0.624000	1.000000	0.714981	0.738000	 0.376000	 1.000000
0.628333	0.628333	0.784356	 0.623000	1.000000	0.714223	0.738000	 0.377000	 1.000000
0.630000	0.630000	0.783784	 0.622000	1.000000	0.713465	0.738000	 0.378000	 1.000000
0.631667	0.631667	0.783212	 0.621000	1.000000	0.712707	0.738000	 0.379000	 1.000000
0.633333	0.633333	0.782640	 0.620000	1.000000	0.711949	0.738000	 0.380000	 1.000000
0.635000	0.635000	0.782068	 0.619000	1.000000	0.711191	0.738000	 0.381000	 1.000000
0.636667	0.636667	0.781496	 0.618000	1.000000	0.710433	0.738000	 0.382000	 1.000000
0.638333	0.638333	0.780924	 0.617000	1.000000	0.709675	0.738000	 0.383000	 1.000000
0.640000	0.640000	0.780352	 0.616000	1.000000	0.708917	0.738000	 0.384000	 1.000000
0.641667	0.641667	0.779780	 0.615000	1.000000	0.708159	0.738000	 0.385000	 1.000000
0.643333	0.643333	0.779208	 0.614000	1.000000	0.707401	0.738000	 0.386000	 1.000000
0.645000	0.645000	0.778636	 0.613000	1.000000	0.706643	0.738000	 0.387000	 1.000000
0.646667	0.646667	0.778064	 0.612000	1.000000	0.705885	0.738000	 0.388000	 1.000000
0.648333	0.648333	0.777492	 0.611000	1.000000	0.705127	0.738000	 0.389000	 1.000000
0.650000	0.650000	0.776920	 0.610000	1.000000	0.704369	0.738000	 0.390000	 1.000000
0.651667	0.651667	0.776348	 0.609000	1.000000	0.703611	0.738000	 0.391000	 1.000000
0.653333	0.653333	0.775776	 0.608000	1.000000	0.702853	0.738000	 0.392000	 1.000000
0.655000	0.655000	0.775204	 0.607000	1.000000	0.702095	0.738000	 0.393000	 1.000000
0.656667	0.656667	0.774632	 0.606000	1.000000	0.701337	0.738000	 0.394000	 1.000000
0.658333	0.658333	0.774060	 0.605000	1.000000	0.700579	0.738000	 0.395000	 1.000000
0.660000	0.660000	0.773488	 0.604000	1.000000	0.699821	0.738000	 0.396000	 1.000000
0.661667	0.661667	0.772916	 0.603000	1.000000	0.699063	0.738000	 0.397000	 1.000000
0.663333	0.663333	0.772344	 0.602000	1.000000	0.698305	0.738000	 0.398000	 1.000000
0.665000	0.665000	0.771772	 0.601000	1.000000	0.697547	0.738000	 0.399000	 1.000000
0.666667	0.666667	0.771200	 0.600000	1.000000	0.696789	0.738000	 0.400000	 1.000000
0.668333	0.668333	0.770628	 0.599000	1.000000	0.696031	0.738000	 0.401000	 1.000000
0.670000	0.670000	0.770056	 0.598000	1.000000	0.695273	0.738000	 0.402000	 1.000000
0.671667	0.671667	0.769484	 0.597000	1.000000	0.694515	0.738000	 0.403000	 1.000000
0.673333	0.673333	0.768912	 0.596000	1.000000	0.693757	0.738000	 0.404000	 1.000000
0.675000	0.675000	0.768340	 0.595000	1.000000	0.692999	0.738000	 0.405000	 1.000000
0.676667	0.676667	0.767768	 0.594000	1.000000	0.692241	0.738000	 0.406000	 1.000000
0.678333	0.678333	0.767196	 0.593000	1.000000	0.691483	0.738000	 0.407000	 1.000000
0.680000	0.680000	0.766624	 0.592000	1.000000	0.690725	0.738000	 0.408000	 1.000000
0.681667	0.681667	0.766052	 0.591000	1.000000	0.689967	0.738000	 0.409000	 1.000000
0.683333	0.683333	0.765480	 0.590000	1.000000	0.689209	0.738000	 0.410000	 1.000000
0.685000	0.685000	0.764908	 0.589000	1.000000	0.688450	0.738000	 0.411000	 1.000000
0.686667	0.686667	0.764336	 0.588000	1.000000	0.687692	0.738000	 0.412000	 1.000000
0.688333	0.688333	0.763764	 0.587000	1.000000	0.686934	0.738000	 0.413000	 1.000000
0.690000	0.690000	0.763192	 0.586000	1.000000	0.686176	0.738000	 0.414000	 1.000000
0.691667	0.691667	0.762620	 0.585000	1.000000	0.685418	0.738000	 0.415000	 1.000000
0.693333	0.693333	0.762048	 0.584000	1.000000	0.684660	0.738000	 0.416000	 1.000000
0.695000	0.695000	0.761476	 0.583000	1.000000	0.683902	0.738000	 0.417000	 1.000000
0.696667	0.696667	0.760904	 0.582000	1.000000	0.683144	0.738000	 0.418000	 1.000000
0.698333	0.698333	0.760332	 0.581000	1.000000	0.682386	0.738000	 0.419000	 1.000000
0.700000	0.700000	0.759760	 0.580000	1.000000	0.681628	0.738000	 0.420000	 1.000000
0.701667	0.701667	0.759188	 0.579000	1.000000	0.680870	0.738000	 0.421000	 1.000000
0.703333	0.703333	0.758616	 0.578000	1.000000	0.680112	0.738000	 0.422000	 1.000000
0.705000	0.705000	0.758044	 0.577000	1.000000	0.679354	0.738000	 0.423000	 1.000000
0.706667	0.706667	0.757472	 0.576000	1.000000	0.678596	0.738000	 0.424000	 1.000000
0.708333	0.708333	0.756900	 0.575000	1.000000	0.677838	0.738000	 0.425000	 1.000000
0.710000	0.710000	0.756328	 0.574000	1.000000	0.677080	0.738000	 0.426000	 1.000000
0.711667	0.711667	0.755756	 0.573000	1.000000	0.676322	0.738000	 0.427000	 1.000000
0.713333	0.713333	0.755184	 0.572000	1.000000	0.675564	0.738000	 0.428000	 1.000000
0.715000	0.715000	0.754612	 0.571000	1.000000	0.674806	0.738000	 0.429000	 1.000000
0.716667	0.716667	0.754040	 0.570000	1.000000	0.674048	0.738000	 0.430000	 1.000000
0.718333	0.718333	0.753468	 0.569000	1.000000	0.673290	0.738000	 0.431000	 1.000000
0.720000	0.720000	0.752896	 0.568000	1.000000	0.672532	0.738000	 0.432000	 1.000000
0.721667	0.721667	0.752324	 0.567000	1.000000	0.671774	0.738000	 0.433000	 1.000000
0.723333	0.723333	0.751752	 0.566000	1.000000	0.671016	0.738000	 0.434000	 1.000000
0.725000	0.725000	0.751180	 0.565000	1.000000	0.670258	0.738000	 0.435000	 1.000000
0.726667	0.726667	0.750608	 0.564000	1.000000	0.669500	0.738000	 0.436000	 1.000000
0.728333	0.728333	0.750036	 0.563000	1.000000	0.668742	0.738000	 0.437000	 1.000000
0.730000	0.730000	0.749464	 0.562000	1.000000	0.667984	0.738000	 0.438000	 1.000000
0.731667	0.731667	0.748892	 0.561000	1.000000	0.667226	0.738000	 0.439000	 1.000000
0.733333	0.733333	0.748320	 0.560000	1.000000	0.666468	0.738000	 0.440000	 1.000000
0.735000	0.735000	0.747748	 0.559000	1.000000	0.665710	0.738000	 0.441000	 1.000000
0.736667	0.736667	0.747176	 0.558000	1.000000	0.664952	0.738000	 0.442000	 1.000000
0.738333	0.738333	0.746604	 0.557000	1.000000	0.664194	0.738000	 0.443000	 1.000000
0.740000	0.740000	0.746032	 0.556000	1.000000	0.663436	0.738000	 0.444000	 1.000000
0.741667	0.741667	0.745460	 0.555000	1.000000	0.662678	0.738000	 0.445000	 1.000000
0.743333	0.743333	0.744888	 0.554000	1.000000	0.661920	0.738000	 0.446000	 1.000000
0.745000	0.745000	0.744316	 0.553000	1.000000	0.661161	0.738000	 0.447000	 1.000000
0.746667	0.746667	0.743744	 0.552000	1.000000	0.660403	0.738000	 0.448000	 1.000000
0.748333	0.748333	0.743172	 0.551000	1.000000	0.659645	0.738000	 0.449000	 1.000000
0.750000	0.750000	0.742600	 0.550000	1.000000	0.658887	0.738000	 0.450000	 1.000000
0.751667	0.751667	0.742028	 0.549000	1.000000	0.658129	0.738000	 0.451000	 1.000000
0.753333	0.753333	0.741456	 0.548000	1.000000	0.657371	0.738000	 0.452000	 1.000000
0.755000	0.755000	0.740884	 0.547000	1.000000	0.656613	0.738000	 0.453000	 1.000000
0.756667	0.756667	0.740312	 0.546000	1.000000	0.655855	0.738000	 0.454000	 1.000000
0.758333	0.758333	0.739740	 0.545000	1.000000	0.655097	0.738000	 0.455000	 1.000000
0.760000	0.760000	0.739168	 0.544000	1.000000	0.654339	0.738000	 0.456000	 1.000000
0.761667	0.761667	0.738596	 0.543000	1.000000	0.653581	0.738000	 0.457000	 1.000000
0.763333	0.763333	0.738024	 0.542000	1.000000	0.652823	0.738000	 0.458000	 1.000000
0.765000	0.765000	0.737452	 0.541000	1.000000	0.652065	0.738000	 0.459000	 1.000000
0.766667	0.766667	0.736880	 0.540000	1.000000	0.651307	0.738000	 0.460000	 1.000000
0.768333	0.768333	0.736308	 0.539000	1.000000	0.650549	0.738000	 0.461000	 1.000000
0.770000	0.770000	0.735736	 0.538000	1.000000	0.649791	0.738000	 0.462000	 1.000000
0.771667	0.771667	0.735164	 0.537000	1.000000	0.649033	0.738000	 0.463000	 1.000000
0.773333	0.773333	0.734592	 0.536000	1.000000	0.648275	0.738000	 0.464000	 1.000000
0.775000	0.775000	0.734020	 0.535000	1.000000	0.647517	0.738000	 0.465000	 1.000000
0.776667	0.776667	0.733448	 0.534000	1.000000	0.646759	0.738000	 0.466000	 1.000000
0.778333	0.778333	0.732876	 0.533000	1.000000	0.646001	0.738000	 0.467000	 1.000000
0.780000	0.780000	0.732304	 0.532000	1.000000	0.645243	0.738000	 0.468000	 1.000000
0.781667	0.781667	0.731732	 0.531000	1.000000	0.644485	0.738000	 0.469000	 1.000000
0.783333	0.783333	0.731160	 0.530000	1.000000	0.643727	0.738000	 0.470000	 1.000000
0.785000	0.785000	0.730588	 0.529000	1.000000	0.642969	0.738000	 0.471000	 1.000000
0.786667	0.786667	0.730016	 0.528000	1.000000	0.642211	0.738000	 0.472000	 1.000000
0.788333	0.788333	0.729444	 0.527000	1.000000	0.641453	0.738000	 0.473000	 1.000000
0.790000	0.790000	0.728872	 0.526000	1.000000	0.640695	0.738000	 0.474000	 1.000000
0.791667	0.791667	0.728300	 0.525000	1.000000	0.639937	0.738000	 0.475000	 1.000000
0.793333	0.793333	0.727728	 0.524000	1.000000	0.639179	0.738000	 0.476000	 1.000000
0.795000	0.795000	0.727156	 0.523000	1.000000	0.638421	0.738000	 0.477000	 1.000000
0.796667	0.796667	0.726584	 0.522000	1.000000	0.637663	0.738000	 0.478000	 1.000000
0.798333	0.798333	0.726012	 0.521000	1.000000	0.636905	0.738000	 0.479000	 1.000000
0.800000	0.800000	0.725440	 0.520000	1.000000	0.636147	0.738000	 0.480000	 1.000000
0.801667	0.801667	0.724868	 0.519000	1.000000	0.635389	0.738000	 0.481000	 1.000000
0.803333	0.803333	0.724296	 0.518000	1.000000	0.634631	0.738000	 0.482000	 1.000000
0.805000	0.805000	0.723724	 0.517000	1.000000	0.633872	0.738000	 0.483000	 1.000000
0.806667	0.806667	0.723152	 0.516000	1.000000	0.633114	0.738000	 0.484000	 1.000000
0.808333	0.808333	0.722580	 0.515000	1.000000	0.632356	0.738000	 0.485000	 1.000000
0.810000	0.810000	0.722008	 0.514000	1.000000	0.631598	0.738000	 0.486000	 1.000000
0.811667	0.811667	0.721436	 0.513000	1.000000	0.630840	0.738000	 0.487000	 1.000000
0.813333	0.813333	0.720864	 0.512000	1.000000	0.630082	0.738000	 0.488000	 1.000000
0.815000	0.815000	0.720292	 0.511000	1.000000	0.629324	0.738000	 0.489000	 1.000000
0.816667	0.816667	0.719720	 0.510000	1.000000	0.628566	0.738000	 0.490000	 1.000000
0.818333	0.818333	0.719148	 0.509000	1.000000	0.627808	0.738000	 0.491000	 1.000000
0.820000	0.820000	0.718576	 0.508000	1.000000	0.627050	0.738000	 0.492000	 1.000000
0.821667	0.821667	0.718004	 0.507000	1.000000	0.626292	0.738000	 0.493000	 1.000000
0.823333	0.823333	0.717432	 0.506000	1.000000	0.625534	0.738000	 0.494000	 1.000000
0.825000	0.825000	0.716860	 0.505000	1.000000	0.624776	0.738000	 0.495000	 1.000000
0.826667	0.826667	0.716288	 0.504000	1.000000	0.624018	0.738000	 0.496000	 1.000000
0.828333	0.828333	0.715716	 0.503000	1.000000	0.623260	0.738000	 0.497000	 1.000000
0.830000	0.830000	0.715144	 0.502000	1.000000	0.622502	0.738000	 0.498000	 1.000000
0.831667	0.831667	0.714572	 0.501000	1.000000	0.621744	0.738000	 0.499000	 1.000000
0.833333	0.833333	0.714000	 0.500000	1.000000	0.620986	0.738000	 0.500000	 1.000000
0.835000	0.835000	0.713428	 0.499000	1.000000	0.620228	0.738000	 0.501000	 1.000000
0.836667	0.836667	0.712856	 0.498000	1.000000	0.619470	0.738000	 0.502000	 1.000000
0.838333	0.838333	0.712284	 0.497000	1.000000	0.618712	0.738000	 0.503000	 1.000000
0.840000	0.840000	0.711712	 0.496000	1.000000	0.617954	0.738000	 0.504000	 1.000000
0.841667	0.841667	0.711140	 0.495000	1.000000	0.617196	0.738000	 0.505000	 1.000000
0.843333	0.843333	0.710568	 0.494000	1.000000	0.616438	0.738000	 0.506000	 1.000000
0.845000	0.845000	0.709996	 0.493000	1.000000	0.615680	0.738000	 0.507000	 1.000000
0.846667	0.846667	0.709424	 0.492000	1.000000	0.614922	0.738000	 0.508000	 1.000000
0.848333	0.848333	0.708852	 0.491000	1.000000	0.614164	0.738000	 0.509000	 1.000000
0.850000	0.850000	0.708280	 0.490000	1.000000	0.613406	0.738000	 0.510000	 1.000000
0.851667	0.851667	0.707708	 0.489000	1.000000	0.612648	0.738000	 0.511000	 1.000000
0.853333	0.853333	0.707136	 0.488000	1.000000	0.611890	0.738000	 0.512000	 1.000000
0.855000	0.855000	0.706564	 0.487000	1.000000	0.611132	0.738000	 0.513000	 1.000000
0.856667	0.856667	0.705992	 0.486000	1.000000	0.610374	0.738000	 0.514000	 1.000000
0.858333	0.858333	0.705420	 0.485000	1.000000	0.609616	0.738000	 0.515000	 1.000000
0.860000	0.860000	0.704848	 0.484000	1.000000	0.608858	0.738000	 0.516000	 1.000000
0.861667	0.861667	0.704276	 0.483000	1.000000	0.608100	0.738000	 0.517000	 1.000000
0.863333	0.863333	0.703704	 0.482000	1.000000	0.607341	0.738000	 0.518000	 1.000000
0.865000	0.865000	0.703132	 0.481000	1.000000	0.606583	0.738000	 0.519000	 1.000000
0.866667	0.866667	0.702560	 0.480000	1.000000	0.605825	0.738000	 0.520000	 1.000000
0.868333	0.868333	0.701988	 0.479000	1.000000	0.605067	0.738000	 0.521000	 1.000000
0.870000	0.870000	0.701416	 0.478000	1.000000	0.604309	0.738000	 0.522000	 1.000000
0.871667	0.871667	0.700844	 0.477000	1.000000	0.603551	0.738000	 0.523000	 1.000000
0.873333	0.873333	0.700272	 0.476000	1.000000	0.602793	0.738000	 0.524000	 1.000000
0.875000	0.875000	0.699700	 0.475000	1.000000	0.602035	0.738000	 0.525000	 1.000000
0.876667	0.876667	0.699128	 0.474000	1.000000	0.601277	0.738000	 0.526000	 1.000000
0.878333	0.878333	0.698556	 0.473000	1.000000	0.600519	0.738000	 0.527000	 1.000000
0.880000	0.880000	0.697984	 0.472000	1.000000	0.599761	0.738000	 0.528000	 1.000000
0.881667	0.881667	0.697412	 0.471000	1.000000	0.599003	0.738000	 0.529000	 1.000000
0.883333	0.883333	0.696840	 0.470000	1.000000	0.598245	0.738000	 0.530000	 1.000000
0.885000	0.885000	0.696268	 0.469000	1.000000	0.597487	0.738000	 0.531000	 1.000000
0.886667	0.886667	0.695696	 0.468000	1.000000	0.596729	0.738000	 0.532000	 1.000000
0.888333	0.888333	0.695124	 0.467000	1.000000	0.595971	0.738000	 0.533000	 1.000000
0.890000	0.890000	0.694552	 0.466000	1.000000	0.595213	0.738000	 0.534000	 1.000000
0.891667	0.891667	0.693980	 0.465000	1.000000	0.594455	0.738000	 0.535000	 1.000000
0.893333	0.893333	0.693408	 0.464000	1.000000	0.593697	0.738000	 0.536000	 1.000000
0.895000	0.895000	0.692836	 0.463000	1.000000	0.592939	0.738000	 0.537000	 1.000000
0.896667	0.896667	0.692264	 0.462000	1.000000	0.592181	0.738000	 0.538000	 1.000000
0.898333	0.898333	0.691692	 0.461000	1.000000	0.591423	0.738000	 0.539000	 1.000000
0.900000	0.900000	0.691120	 0.460000	1.000000	0.590665	0.738000	 0.540000	 1.000000
0.901667	0.901667	0.690548	 0.459000	1.000000	0.589907	0.738000	 0.541000	 1.000000
0.903333	0.903333	0.689976	 0.458000	1.000000	0.589149	0.738000	 0.542000	 1.000000
0.905000	0.905000	0.689404	 0.457000	1.000000	0.588391	0.738000	 0.543000	 1.000000
0.906667	0.906667	0.688832	 0.456000	1.000000	0.587633	0.738000	 0.544000	 1.000000
0.908333	0.908333	0.688260	 0.455000	1.000000	0.586875	0.738000	 0.545000	 1.000000
0.910000	0.910000	0.687688	 0.454000	1.000000	0.586117	0.738000	 0.546000	 1.000000
0.911667	0.911667	0.687116	 0.453000	1.000000	0.585359	0.738000	 0.547000	 1.000000
0.913333	0.913333	0.686544	 0.452000	1.000000	0.584601	0.738000	 0.548000	 1.000000
0.915000	0.915000	0.685972	 0.451000	1.000000	0.583843	0.738000	 0.549000	 1.000000
0.916667	0.916667	0.685400	 0.450000	1.000000	0.583085	0.738000	 0.550000	 1.000000
0.918333	0.918333	0.684828	 0.449000	1.000000	0.582327	0.738000	 0.551000	 1.000000
0.920000	0.920000	0.684256	 0.448000	1.000000	0.581569	0.738000	 0.552000	 1.000000
0.921667	0.921667	0.683684	 0.447000	1.000000	0.580811	0.738000	 0.553000	 1.000000
0.923333	0.923333	0.683112	 0.446000	1.000000	0.580052	0.738000	 0.554000	 1.000000
0.925000	0.925000	0.682540	 0.445000	1.000000	0.579294	0.738000	 0.555000	 1.000000
0.926667	0.926667	0.681968	 0.444000	1.000000	0.578536	0.738000	 0.556000	 1.000000
0.928333	0.928333	0.681396	 0.443000	1.000000	0.577778	0.738000	 0.557000	 1.000000
0.930000	0.930000	0.680824	 0.442000	1.000000	0.577020	0.738000	 0.558000	 1.000000
0.931667	0.931667	0.680252	 0.441000	1.000000	0.576262	0.738000	 0.559000	 1.000000
0.933333	0.933333	0.679680	 0.440000	1.000000	0.575504	0.738000	 0.560000	 1.000000
0.935000	0.935000	0.679108	 0.439000	1.000000	0.574746	0.738000	 0.561000	 1.000000
0.936667	0.936667	0.678536	 0.438000	1.000000	0.573988	0.738000	 0.562000	 1.000000
0.938333	0.938333	0.677964	 0.437000	1.000000	0.573230	0.738000	 0.563000	 1.000000
0.940000	0.940000	0.677392	 0.436000	1.000000	0.572472	0.738000	 0.564000	 1.000000
0.941667	0.941667	0.676820	 0.435000	1.000000	0.571714	0.738000	 0.565000	 1.000000
0.943333	0.943333	0.676248	 0.434000	1.000000	0.570956	0.738000	 0.566000	 1.000000
0.945000	0.945000	0.675676	 0.433000	1.000000	0.570198	0.738000	 0.567000	 1.000000
0.946667	0.946667	0.675104	 0.432000	1.000000	0.569440	0.738000	 0.568000	 1.000000
0.948333	0.948333	0.674532	 0.431000	1.000000	0.568682	0.738000	 0.569000	 1.000000
0.950000	0.950000	0.673960	 0.430000	1.000000	0.567924	0.738000	 0.570000	 1.000000
0.951667	0.951667	0.673388	 0.429000	1.000000	0.567166	0.738000	 0.571000	 1.000000
0.953333	0.953333	0.672816	 0.428000	1.000000	0.566408	0.738000	 0.572000	 1.000000
0.955000	0.955000	0.672244	 0.427000	1.000000	0.565650	0.738000	 0.573000	 1.000000
0.956667	0.956667	0.671672	 0.426000	1.000000	0.564892	0.738000	 0.574000	 1.000000
0.958333	0.958333	0.671100	 0.425000	1.000000	0.564134	0.738000	 0.575000	 1.000000
0.960000	0.960000	0.670528	 0.424000	1.000000	0.563376	0.738000	 0.576000	 1.000000
0.961667	0.961667	0.669956	 0.423000	1.000000	0.562618	0.738000	 0.577000	 1.000000
0.963333	0.963333	0.669384	 0.422000	1.000000	0.561860	0.738000	 0.578000	 1.000000
0.965000	0.965000	0.668812	 0.421000	1.000000	0.561102	0.738000	 0.579000	 1.000000
0.966667	0.966667	0.668240	 0.420000	1.000000	0.560344	0.738000	 0.580000	 1.000000
0.968333	0.968333	0.667668	 0.419000	1.000000	0.559586	0.738000	 0.581000	 1.000000
0.970000	0.970000	0.667096	 0.418000	1.000000	0.558828	0.738000	 0.582000	 1.000000
0.971667	0.971667	0.666524	 0.417000	1.000000	0.558070	0.738000	 0.583000	 1.000000
0.973333	0.973333	0.665952	 0.416000	1.000000	0.557312	0.738000	 0.584000	 1.000000
0.975000	0.975000	0.665380	 0.415000	1.000000	0.556554	0.738000	 0.585000	 1.000000
0.976667	0.976667	0.664808	 0.414000	1.000000	0.555796	0.738000	 0.586000	 1.000000
0.978333	0.978333	0.664236	 0.413000	1.000000	0.555038	0.738000	 0.587000	 1.000000
0.980000	0.980000	0.663664	 0.412000	1.000000	0.554280	0.738000	 0.588000	 1.000000
0.981667	0.981667	0.663092	 0.411000	1.000000	0.553522	0.738000	 0.589000	 1.000000
0.983333	0.983333	0.662520	 0.410000	1.000000	0.552763	0.738000	 0.590000	 1.000000
0.985000	0.985000	0.661948	 0.409000	1.000000	0.552005	0.738000	 0.591000	 1.000000
0.986667	0.986667	0.661376	 0.408000	1.000000	0.551247	0.738000	 0.592000	 1.000000
0.988333	0.988333	0.660804	 0.407000	1.000000	0.550489	0.738000	 0.593000	 1.000000
0.990000	0.990000	0.660232	 0.406000	1.000000	0.549731	0.738000	 0.594000	 1.000000
0.991667	0.991667	0.659660	 0.405000	1.000000	0.548973	0.738000	 0.595000	 1.000000
0.993333	0.993333	0.659088	 0.404000	1.000000	0.548215	0.738000	 0.596000	 1.000000
0.995000	0.995000	0.658516	 0.403000	1.000000	0.547457	0.738000	 0.597000	 1.000000
0.996667	0.996667	0.657944	 0.402000	1.000000	0.546699	0.738000	 0.598000	 1.000000
0.998333	0.998333	0.657372	 0.401000	1.000000	0.545941	0.738000	 0.599000	 1.000000
