#p 		 mp		 R 		 G 		B 		Y 	 h	s	v
0.000000	0.000000	1.000000	 1.000000	1.000000	1.000000	0.861000	 0.000000	 1.000000
0.001667	0.001667	1.000000	 0.999000	0.999834	0.999394	0.861000	 0.001000	 1.000000
0.003333	0.003333	1.000000	 0.998000	0.999668	0.998788	0.861000	 0.002000	 1.000000
0.005000	0.005000	1.000000	 0.997000	0.999502	0.998182	0.861000	 0.003000	 1.000000
0.006667	0.006667	1.000000	 0.996000	0.999336	0.997576	0.861000	 0.004000	 1.000000
0.008333	0.008333	1.000000	 0.995000	0.999170	0.996970	0.861000	 0.005000	 1.000000
0.010000	0.010000	1.000000	 0.994000	0.999004	0.996364	0.861000	 0.006000	 1.000000
0.011667	0.011667	1.000000	 0.993000	0.998838	0.995759	0.861000	 0.007000	 1.000000
0.013333	0.013333	1.000000	 0.992000	0.998672	0.995153	0.861000	 0.008000	 1.000000
0.015000	0.015000	1.000000	 0.991000	0.998506	0.994547	0.861000	 0.009000	 1.000000
0.016667	0.016667	1.000000	 0.990000	0.998340	0.993941	0.861000	 0.010000	 1.000000
0.018333	0.018333	1.000000	 0.989000	0.998174	0.993335	0.861000	 0.011000	 1.000000
0.020000	0.020000	1.000000	 0.988000	0.998008	0.992729	0.861000	 0.012000	 1.000000
0.021667	0.021667	1.000000	 0.987000	0.997842	0.992123	0.861000	 0.013000	 1.000000
0.023333	0.023333	1.000000	 0.986000	0.997676	0.991517	0.861000	 0.014000	 1.000000
0.025000	0.025000	1.000000	 0.985000	0.997510	0.990911	0.861000	 0.015000	 1.000000
0.026667	0.026667	1.000000	 0.984000	0.997344	0.990305	0.861000	 0.016000	 1.000000
0.028333	0.028333	1.000000	 0.983000	0.997178	0.989699	0.861000	 0.017000	 1.000000
0.030000	0.030000	1.000000	 0.982000	0.997012	0.989093	0.861000	 0.018000	 1.000000
0.031667	0.031667	1.000000	 0.981000	0.996846	0.988487	0.861000	 0.019000	 1.000000
0.033333	0.033333	1.000000	 0.980000	0.996680	0.987882	0.861000	 0.020000	 1.000000
0.035000	0.035000	1.000000	 0.979000	0.996514	0.987276	0.861000	 0.021000	 1.000000
0.036667	0.036667	1.000000	 0.978000	0.996348	0.986670	0.861000	 0.022000	 1.000000
0.038333	0.038333	1.000000	 0.977000	0.996182	0.986064	0.861000	 0.023000	 1.000000
0.040000	0.040000	1.000000	 0.976000	0.996016	0.985458	0.861000	 0.024000	 1.000000
0.041667	0.041667	1.000000	 0.975000	0.995850	0.984852	0.861000	 0.025000	 1.000000
0.043333	0.043333	1.000000	 0.974000	0.995684	0.984246	0.861000	 0.026000	 1.000000
0.045000	0.045000	1.000000	 0.973000	0.995518	0.983640	0.861000	 0.027000	 1.000000
0.046667	0.046667	1.000000	 0.972000	0.995352	0.983034	0.861000	 0.028000	 1.000000
0.048333	0.048333	1.000000	 0.971000	0.995186	0.982428	0.861000	 0.029000	 1.000000
0.050000	0.050000	1.000000	 0.970000	0.995020	0.981822	0.861000	 0.030000	 1.000000
0.051667	0.051667	1.000000	 0.969000	0.994854	0.981216	0.861000	 0.031000	 1.000000
0.053333	0.053333	1.000000	 0.968000	0.994688	0.980610	0.861000	 0.032000	 1.000000
0.055000	0.055000	1.000000	 0.967000	0.994522	0.980005	0.861000	 0.033000	 1.000000
0.056667	0.056667	1.000000	 0.966000	0.994356	0.979399	0.861000	 0.034000	 1.000000
0.058333	0.058333	1.000000	 0.965000	0.994190	0.978793	0.861000	 0.035000	 1.000000
0.060000	0.060000	1.000000	 0.964000	0.994024	0.978187	0.861000	 0.036000	 1.000000
0.061667	0.061667	1.000000	 0.963000	0.993858	0.977581	0.861000	 0.037000	 1.000000
0.063333	0.063333	1.000000	 0.962000	0.993692	0.976975	0.861000	 0.038000	 1.000000
0.065000	0.065000	1.000000	 0.961000	0.993526	0.976369	0.861000	 0.039000	 1.000000
0.066667	0.066667	1.000000	 0.960000	0.993360	0.975763	0.861000	 0.040000	 1.000000
0.068333	0.068333	1.000000	 0.959000	0.993194	0.975157	0.861000	 0.041000	 1.000000
0.070000	0.070000	1.000000	 0.958000	0.993028	0.974551	0.861000	 0.042000	 1.000000
0.071667	0.071667	1.000000	 0.957000	0.992862	0.973945	0.861000	 0.043000	 1.000000
0.073333	0.073333	1.000000	 0.956000	0.992696	0.973339	0.861000	 0.044000	 1.000000
0.075000	0.075000	1.000000	 0.955000	0.992530	0.972733	0.861000	 0.045000	 1.000000
0.076667	0.076667	1.000000	 0.954000	0.992364	0.972127	0.861000	 0.046000	 1.000000
0.078333	0.078333	1.000000	 0.953000	0.992198	0.971522	0.861000	 0.047000	 1.000000
0.080000	0.080000	1.000000	 0.952000	0.992032	0.970916	0.861000	 0.048000	 1.000000
0.081667	0.081667	1.000000	 0.951000	0.991866	0.970310	0.861000	 0.049000	 1.000000
0.083333	0.083333	1.000000	 0.950000	0.991700	0.969704	0.861000	 0.050000	 1.000000
0.085000	0.085000	1.000000	 0.949000	0.991534	0.969098	0.861000	 0.051000	 1.000000
0.086667	0.086667	1.000000	 0.948000	0.991368	0.968492	0.861000	 0.052000	 1.000000
0.088333	0.088333	1.000000	 0.947000	0.991202	0.967886	0.861000	 0.053000	 1.000000
0.090000	0.090000	1.000000	 0.946000	0.991036	0.967280	0.861000	 0.054000	 1.000000
0.091667	0.091667	1.000000	 0.945000	0.990870	0.966674	0.861000	 0.055000	 1.000000
0.093333	0.093333	1.000000	 0.944000	0.990704	0.966068	0.861000	 0.056000	 1.000000
0.095000	0.095000	1.000000	 0.943000	0.990538	0.965462	0.861000	 0.057000	 1.000000
0.096667	0.096667	1.000000	 0.942000	0.990372	0.964856	0.861000	 0.058000	 1.000000
0.098333	0.098333	1.000000	 0.941000	0.990206	0.964250	0.861000	 0.059000	 1.000000
0.100000	0.100000	1.000000	 0.940000	0.990040	0.963645	0.861000	 0.060000	 1.000000
0.101667	0.101667	1.000000	 0.939000	0.989874	0.963039	0.861000	 0.061000	 1.000000
0.103333	0.103333	1.000000	 0.938000	0.989708	0.962433	0.861000	 0.062000	 1.000000
0.105000	0.105000	1.000000	 0.937000	0.989542	0.961827	0.861000	 0.063000	 1.000000
0.106667	0.106667	1.000000	 0.936000	0.989376	0.961221	0.861000	 0.064000	 1.000000
0.108333	0.108333	1.000000	 0.935000	0.989210	0.960615	0.861000	 0.065000	 1.000000
0.110000	0.110000	1.000000	 0.934000	0.989044	0.960009	0.861000	 0.066000	 1.000000
0.111667	0.111667	1.000000	 0.933000	0.988878	0.959403	0.861000	 0.067000	 1.000000
0.113333	0.113333	1.000000	 0.932000	0.988712	0.958797	0.861000	 0.068000	 1.000000
0.115000	0.115000	1.000000	 0.931000	0.988546	0.958191	0.861000	 0.069000	 1.000000
0.116667	0.116667	1.000000	 0.930000	0.988380	0.957585	0.861000	 0.070000	 1.000000
0.118333	0.118333	1.000000	 0.929000	0.988214	0.956979	0.861000	 0.071000	 1.000000
0.120000	0.120000	1.000000	 0.928000	0.988048	0.956373	0.861000	 0.072000	 1.000000
0.121667	0.121667	1.000000	 0.927000	0.987882	0.955768	0.861000	 0.073000	 1.000000
0.123333	0.123333	1.000000	 0.926000	0.987716	0.955162	0.861000	 0.074000	 1.000000
0.125000	0.125000	1.000000	 0.925000	0.987550	0.954556	0.861000	 0.075000	 1.000000
0.126667	0.126667	1.000000	 0.924000	0.987384	0.953950	0.861000	 0.076000	 1.000000
0.128333	0.128333	1.000000	 0.923000	0.987218	0.953344	0.861000	 0.077000	 1.000000
0.130000	0.130000	1.000000	 0.922000	0.987052	0.952738	0.861000	 0.078000	 1.000000
0.131667	0.131667	1.000000	 0.921000	0.986886	0.952132	0.861000	 0.079000	 1.000000
0.133333	0.133333	1.000000	 0.920000	0.986720	0.951526	0.861000	 0.080000	 1.000000
0.135000	0.135000	1.000000	 0.919000	0.986554	0.950920	0.861000	 0.081000	 1.000000
0.136667	0.136667	1.000000	 0.918000	0.986388	0.950314	0.861000	 0.082000	 1.000000
0.138333	0.138333	1.000000	 0.917000	0.986222	0.949708	0.861000	 0.083000	 1.000000
0.140000	0.140000	1.000000	 0.916000	0.986056	0.949102	0.861000	 0.084000	 1.000000
0.141667	0.141667	1.000000	 0.915000	0.985890	0.948496	0.861000	 0.085000	 1.000000
0.143333	0.143333	1.000000	 0.914000	0.985724	0.947891	0.861000	 0.086000	 1.000000
0.145000	0.145000	1.000000	 0.913000	0.985558	0.947285	0.861000	 0.087000	 1.000000
0.146667	0.146667	1.000000	 0.912000	0.985392	0.946679	0.861000	 0.088000	 1.000000
0.148333	0.148333	1.000000	 0.911000	0.985226	0.946073	0.861000	 0.089000	 1.000000
0.150000	0.150000	1.000000	 0.910000	0.985060	0.945467	0.861000	 0.090000	 1.000000
0.151667	0.151667	1.000000	 0.909000	0.984894	0.944861	0.861000	 0.091000	 1.000000
0.153333	0.153333	1.000000	 0.908000	0.984728	0.944255	0.861000	 0.092000	 1.000000
0.155000	0.155000	1.000000	 0.907000	0.984562	0.943649	0.861000	 0.093000	 1.000000
0.156667	0.156667	1.000000	 0.906000	0.984396	0.943043	0.861000	 0.094000	 1.000000
0.158333	0.158333	1.000000	 0.905000	0.984230	0.942437	0.861000	 0.095000	 1.000000
0.160000	0.160000	1.000000	 0.904000	0.984064	0.941831	0.861000	 0.096000	 1.000000
0.161667	0.161667	1.000000	 0.903000	0.983898	0.941225	0.861000	 0.097000	 1.000000
0.163333	0.163333	1.000000	 0.902000	0.983732	0.940619	0.861000	 0.098000	 1.000000
0.165000	0.165000	1.000000	 0.901000	0.983566	0.940014	0.861000	 0.099000	 1.000000
0.166667	0.166667	1.000000	 0.900000	0.983400	0.939408	0.861000	 0.100000	 1.000000
0.168333	0.168333	1.000000	 0.899000	0.983234	0.938802	0.861000	 0.101000	 1.000000
0.170000	0.170000	1.000000	 0.898000	0.983068	0.938196	0.861000	 0.102000	 1.000000
0.171667	0.171667	1.000000	 0.897000	0.982902	0.937590	0.861000	 0.103000	 1.000000
0.173333	0.173333	1.000000	 0.896000	0.982736	0.936984	0.861000	 0.104000	 1.000000
0.175000	0.175000	1.000000	 0.895000	0.982570	0.936378	0.861000	 0.105000	 1.000000
0.176667	0.176667	1.000000	 0.894000	0.982404	0.935772	0.861000	 0.106000	 1.000000
0.178333	0.178333	1.000000	 0.893000	0.982238	0.935166	0.861000	 0.107000	 1.000000
0.180000	0.180000	1.000000	 0.892000	0.982072	0.934560	0.861000	 0.108000	 1.000000
0.181667	0.181667	1.000000	 0.891000	0.981906	0.933954	0.861000	 0.109000	 1.000000
0.183333	0.183333	1.000000	 0.890000	0.981740	0.933348	0.861000	 0.110000	 1.000000
0.185000	0.185000	1.000000	 0.889000	0.981574	0.932742	0.861000	 0.111000	 1.000000
0.186667	0.186667	1.000000	 0.888000	0.981408	0.932137	0.861000	 0.112000	 1.000000
0.188333	0.188333	1.000000	 0.887000	0.981242	0.931531	0.861000	 0.113000	 1.000000
0.190000	0.190000	1.000000	 0.886000	0.981076	0.930925	0.861000	 0.114000	 1.000000
0.191667	0.191667	1.000000	 0.885000	0.980910	0.930319	0.861000	 0.115000	 1.000000
0.193333	0.193333	1.000000	 0.884000	0.980744	0.929713	0.861000	 0.116000	 1.000000
0.195000	0.195000	1.000000	 0.883000	0.980578	0.929107	0.861000	 0.117000	 1.000000
0.196667	0.196667	1.000000	 0.882000	0.980412	0.928501	0.861000	 0.118000	 1.000000
0.198333	0.198333	1.000000	 0.881000	0.980246	0.927895	0.861000	 0.119000	 1.000000
0.200000	0.200000	1.000000	 0.880000	0.980080	0.927289	0.861000	 0.120000	 1.000000
0.201667	0.201667	1.000000	 0.879000	0.979914	0.926683	0.861000	 0.121000	 1.000000
0.203333	0.203333	1.000000	 0.878000	0.979748	0.926077	0.861000	 0.122000	 1.000000
0.205000	0.205000	1.000000	 0.877000	0.979582	0.925471	0.861000	 0.123000	 1.000000
0.206667	0.206667	1.000000	 0.876000	0.979416	0.924865	0.861000	 0.124000	 1.000000
0.208333	0.208333	1.000000	 0.875000	0.979250	0.924259	0.861000	 0.125000	 1.000000
0.210000	0.210000	1.000000	 0.874000	0.979084	0.923654	0.861000	 0.126000	 1.000000
0.211667	0.211667	1.000000	 0.873000	0.978918	0.923048	0.861000	 0.127000	 1.000000
0.213333	0.213333	1.000000	 0.872000	0.978752	0.922442	0.861000	 0.128000	 1.000000
0.215000	0.215000	1.000000	 0.871000	0.978586	0.921836	0.861000	 0.129000	 1.000000
0.216667	0.216667	1.000000	 0.870000	0.978420	0.921230	0.861000	 0.130000	 1.000000
0.218333	0.218333	1.000000	 0.869000	0.978254	0.920624	0.861000	 0.131000	 1.000000
0.220000	0.220000	1.000000	 0.868000	0.978088	0.920018	0.861000	 0.132000	 1.000000
0.221667	0.221667	1.000000	 0.867000	0.977922	0.919412	0.861000	 0.133000	 1.000000
0.223333	0.223333	1.000000	 0.866000	0.977756	0.918806	0.861000	 0.134000	 1.000000
0.225000	0.225000	1.000000	 0.865000	0.977590	0.918200	0.861000	 0.135000	 1.000000
0.226667	0.226667	1.000000	 0.864000	0.977424	0.917594	0.861000	 0.136000	 1.000000
0.228333	0.228333	1.000000	 0.863000	0.977258	0.916988	0.861000	 0.137000	 1.000000
0.230000	0.230000	1.000000	 0.862000	0.977092	0.916382	0.861000	 0.138000	 1.000000
0.231667	0.231667	1.000000	 0.861000	0.976926	0.915777	0.861000	 0.139000	 1.000000
0.233333	0.233333	1.000000	 0.860000	0.976760	0.915171	0.861000	 0.140000	 1.000000
0.235000	0.235000	1.000000	 0.859000	0.976594	0.914565	0.861000	 0.141000	 1.000000
0.236667	0.236667	1.000000	 0.858000	0.976428	0.913959	0.861000	 0.142000	 1.000000
0.238333	0.238333	1.000000	 0.857000	0.976262	0.913353	0.861000	 0.143000	 1.000000
0.240000	0.240000	1.000000	 0.856000	0.976096	0.912747	0.861000	 0.144000	 1.000000
0.241667	0.241667	1.000000	 0.855000	0.975930	0.912141	0.861000	 0.145000	 1.000000
0.243333	0.243333	1.000000	 0.854000	0.975764	0.911535	0.861000	 0.146000	 1.000000
0.245000	0.245000	1.000000	 0.853000	0.975598	0.910929	0.861000	 0.147000	 1.000000
0.246667	0.246667	1.000000	 0.852000	0.975432	0.910323	0.861000	 0.148000	 1.000000
0.248333	0.248333	1.000000	 0.851000	0.975266	0.909717	0.861000	 0.149000	 1.000000
0.250000	0.250000	1.000000	 0.850000	0.975100	0.909111	0.861000	 0.150000	 1.000000
0.251667	0.251667	1.000000	 0.849000	0.974934	0.908505	0.861000	 0.151000	 1.000000
0.253333	0.253333	1.000000	 0.848000	0.974768	0.907900	0.861000	 0.152000	 1.000000
0.255000	0.255000	1.000000	 0.847000	0.974602	0.907294	0.861000	 0.153000	 1.000000
0.256667	0.256667	1.000000	 0.846000	0.974436	0.906688	0.861000	 0.154000	 1.000000
0.258333	0.258333	1.000000	 0.845000	0.974270	0.906082	0.861000	 0.155000	 1.000000
0.260000	0.260000	1.000000	 0.844000	0.974104	0.905476	0.861000	 0.156000	 1.000000
0.261667	0.261667	1.000000	 0.843000	0.973938	0.904870	0.861000	 0.157000	 1.000000
0.263333	0.263333	1.000000	 0.842000	0.973772	0.904264	0.861000	 0.158000	 1.000000
0.265000	0.265000	1.000000	 0.841000	0.973606	0.903658	0.861000	 0.159000	 1.000000
0.266667	0.266667	1.000000	 0.840000	0.973440	0.903052	0.861000	 0.160000	 1.000000
0.268333	0.268333	1.000000	 0.839000	0.973274	0.902446	0.861000	 0.161000	 1.000000
0.270000	0.270000	1.000000	 0.838000	0.973108	0.901840	0.861000	 0.162000	 1.000000
0.271667	0.271667	1.000000	 0.837000	0.972942	0.901234	0.861000	 0.163000	 1.000000
0.273333	0.273333	1.000000	 0.836000	0.972776	0.900628	0.861000	 0.164000	 1.000000
0.275000	0.275000	1.000000	 0.835000	0.972610	0.900023	0.861000	 0.165000	 1.000000
0.276667	0.276667	1.000000	 0.834000	0.972444	0.899417	0.861000	 0.166000	 1.000000
0.278333	0.278333	1.000000	 0.833000	0.972278	0.898811	0.861000	 0.167000	 1.000000
0.280000	0.280000	1.000000	 0.832000	0.972112	0.898205	0.861000	 0.168000	 1.000000
0.281667	0.281667	1.000000	 0.831000	0.971946	0.897599	0.861000	 0.169000	 1.000000
0.283333	0.283333	1.000000	 0.830000	0.971780	0.896993	0.861000	 0.170000	 1.000000
0.285000	0.285000	1.000000	 0.829000	0.971614	0.896387	0.861000	 0.171000	 1.000000
0.286667	0.286667	1.000000	 0.828000	0.971448	0.895781	0.861000	 0.172000	 1.000000
0.288333	0.288333	1.000000	 0.827000	0.971282	0.895175	0.861000	 0.173000	 1.000000
0.290000	0.290000	1.000000	 0.826000	0.971116	0.894569	0.861000	 0.174000	 1.000000
0.291667	0.291667	1.000000	 0.825000	0.970950	0.893963	0.861000	 0.175000	 1.000000
0.293333	0.293333	1.000000	 0.824000	0.970784	0.893357	0.861000	 0.176000	 1.000000
0.295000	0.295000	1.000000	 0.823000	0.970618	0.892751	0.861000	 0.177000	 1.000000
0.296667	0.296667	1.000000	 0.822000	0.970452	0.892146	0.861000	 0.178000	 1.000000
0.298333	0.298333	1.000000	 0.821000	0.970286	0.891540	0.861000	 0.179000	 1.000000
0.300000	0.300000	1.000000	 0.820000	0.970120	0.890934	0.861000	 0.180000	 1.000000
0.301667	0.301667	1.000000	 0.819000	0.969954	0.890328	0.861000	 0.181000	 1.000000
0.303333	0.303333	1.000000	 0.818000	0.969788	0.889722	0.861000	 0.182000	 1.000000
0.305000	0.305000	1.000000	 0.817000	0.969622	0.889116	0.861000	 0.183000	 1.000000
0.306667	0.306667	1.000000	 0.816000	0.969456	0.888510	0.861000	 0.184000	 1.000000
0.308333	0.308333	1.000000	 0.815000	0.969290	0.887904	0.861000	 0.185000	 1.000000
0.310000	0.310000	1.000000	 0.814000	0.969124	0.887298	0.861000	 0.186000	 1.000000
0.311667	0.311667	1.000000	 0.813000	0.968958	0.886692	0.861000	 0.187000	 1.000000
0.313333	0.313333	1.000000	 0.812000	0.968792	0.886086	0.861000	 0.188000	 1.000000
0.315000	0.315000	1.000000	 0.811000	0.968626	0.885480	0.861000	 0.189000	 1.000000
0.316667	0.316667	1.000000	 0.810000	0.968460	0.884874	0.861000	 0.190000	 1.000000
0.318333	0.318333	1.000000	 0.809000	0.968294	0.884269	0.861000	 0.191000	 1.000000
0.320000	0.320000	1.000000	 0.808000	0.968128	0.883663	0.861000	 0.192000	 1.000000
0.321667	0.321667	1.000000	 0.807000	0.967962	0.883057	0.861000	 0.193000	 1.000000
0.323333	0.323333	1.000000	 0.806000	0.967796	0.882451	0.861000	 0.194000	 1.000000
0.325000	0.325000	1.000000	 0.805000	0.967630	0.881845	0.861000	 0.195000	 1.000000
0.326667	0.326667	1.000000	 0.804000	0.967464	0.881239	0.861000	 0.196000	 1.000000
0.328333	0.328333	1.000000	 0.803000	0.967298	0.880633	0.861000	 0.197000	 1.000000
0.330000	0.330000	1.000000	 0.802000	0.967132	0.880027	0.861000	 0.198000	 1.000000
0.331667	0.331667	1.000000	 0.801000	0.966966	0.879421	0.861000	 0.199000	 1.000000
0.333333	0.333333	1.000000	 0.800000	0.966800	0.878815	0.861000	 0.200000	 1.000000
0.335000	0.335000	1.000000	 0.799000	0.966634	0.878209	0.861000	 0.201000	 1.000000
0.336667	0.336667	1.000000	 0.798000	0.966468	0.877603	0.861000	 0.202000	 1.000000
0.338333	0.338333	1.000000	 0.797000	0.966302	0.876997	0.861000	 0.203000	 1.000000
0.340000	0.340000	1.000000	 0.796000	0.966136	0.876392	0.861000	 0.204000	 1.000000
0.341667	0.341667	1.000000	 0.795000	0.965970	0.875786	0.861000	 0.205000	 1.000000
0.343333	0.343333	1.000000	 0.794000	0.965804	0.875180	0.861000	 0.206000	 1.000000
0.345000	0.345000	1.000000	 0.793000	0.965638	0.874574	0.861000	 0.207000	 1.000000
0.346667	0.346667	1.000000	 0.792000	0.965472	0.873968	0.861000	 0.208000	 1.000000
0.348333	0.348333	1.000000	 0.791000	0.965306	0.873362	0.861000	 0.209000	 1.000000
0.350000	0.350000	1.000000	 0.790000	0.965140	0.872756	0.861000	 0.210000	 1.000000
0.351667	0.351667	1.000000	 0.789000	0.964974	0.872150	0.861000	 0.211000	 1.000000
0.353333	0.353333	1.000000	 0.788000	0.964808	0.871544	0.861000	 0.212000	 1.000000
0.355000	0.355000	1.000000	 0.787000	0.964642	0.870938	0.861000	 0.213000	 1.000000
0.356667	0.356667	1.000000	 0.786000	0.964476	0.870332	0.861000	 0.214000	 1.000000
0.358333	0.358333	1.000000	 0.785000	0.964310	0.869726	0.861000	 0.215000	 1.000000
0.360000	0.360000	1.000000	 0.784000	0.964144	0.869120	0.861000	 0.216000	 1.000000
0.361667	0.361667	1.000000	 0.783000	0.963978	0.868514	0.861000	 0.217000	 1.000000
0.363333	0.363333	1.000000	 0.782000	0.963812	0.867909	0.861000	 0.218000	 1.000000
0.365000	0.365000	1.000000	 0.781000	0.963646	0.867303	0.861000	 0.219000	 1.000000
0.366667	0.366667	1.000000	 0.780000	0.963480	0.866697	0.861000	 0.220000	 1.000000
0.368333	0.368333	1.000000	 0.779000	0.963314	0.866091	0.861000	 0.221000	 1.000000
0.370000	0.370000	1.000000	 0.778000	0.963148	0.865485	0.861000	 0.222000	 1.000000
0.371667	0.371667	1.000000	 0.777000	0.962982	0.864879	0.861000	 0.223000	 1.000000
0.373333	0.373333	1.000000	 0.776000	0.962816	0.864273	0.861000	 0.224000	 1.000000
0.375000	0.375000	1.000000	 0.775000	0.962650	0.863667	0.861000	 0.225000	 1.000000
0.376667	0.376667	1.000000	 0.774000	0.962484	0.863061	0.861000	 0.226000	 1.000000
0.378333	0.378333	1.000000	 0.773000	0.962318	0.862455	0.861000	 0.227000	 1.000000
0.380000	0.380000	1.000000	 0.772000	0.962152	0.861849	0.861000	 0.228000	 1.000000
0.381667	0.381667	1.000000	 0.771000	0.961986	0.861243	0.861000	 0.229000	 1.000000
0.383333	0.383333	1.000000	 0.770000	0.961820	0.860637	0.861000	 0.230000	 1.000000
0.385000	0.385000	1.000000	 0.769000	0.961654	0.860032	0.861000	 0.231000	 1.000000
0.386667	0.386667	1.000000	 0.768000	0.961488	0.859426	0.861000	 0.232000	 1.000000
0.388333	0.388333	1.000000	 0.767000	0.961322	0.858820	0.861000	 0.233000	 1.000000
0.390000	0.390000	1.000000	 0.766000	0.961156	0.858214	0.861000	 0.234000	 1.000000
0.391667	0.391667	1.000000	 0.765000	0.960990	0.857608	0.861000	 0.235000	 1.000000
0.393333	0.393333	1.000000	 0.764000	0.960824	0.857002	0.861000	 0.236000	 1.000000
0.395000	0.395000	1.000000	 0.763000	0.960658	0.856396	0.861000	 0.237000	 1.000000
0.396667	0.396667	1.000000	 0.762000	0.960492	0.855790	0.861000	 0.238000	 1.000000
0.398333	0.398333	1.000000	 0.761000	0.960326	0.855184	0.861000	 0.239000	 1.000000
0.400000	0.400000	1.000000	 0.760000	0.960160	0.854578	0.861000	 0.240000	 1.000000
0.401667	0.401667	1.000000	 0.759000	0.959994	0.853972	0.861000	 0.241000	 1.000000
0.403333	0.403333	1.000000	 0.758000	0.959828	0.853366	0.861000	 0.242000	 1.000000
0.405000	0.405000	1.000000	 0.757000	0.959662	0.852760	0.861000	 0.243000	 1.000000
0.406667	0.406667	1.000000	 0.756000	0.959496	0.852155	0.861000	 0.244000	 1.000000
0.408333	0.408333	1.000000	 0.755000	0.959330	0.851549	0.861000	 0.245000	 1.000000
0.410000	0.410000	1.000000	 0.754000	0.959164	0.850943	0.861000	 0.246000	 1.000000
0.411667	0.411667	1.000000	 0.753000	0.958998	0.850337	0.861000	 0.247000	 1.000000
0.413333	0.413333	1.000000	 0.752000	0.958832	0.849731	0.861000	 0.248000	 1.000000
0.415000	0.415000	1.000000	 0.751000	0.958666	0.849125	0.861000	 0.249000	 1.000000
0.416667	0.416667	1.000000	 0.750000	0.958500	0.848519	0.861000	 0.250000	 1.000000
0.418333	0.418333	1.000000	 0.749000	0.958334	0.847913	0.861000	 0.251000	 1.000000
0.420000	0.420000	1.000000	 0.748000	0.958168	0.847307	0.861000	 0.252000	 1.000000
0.421667	0.421667	1.000000	 0.747000	0.958002	0.846701	0.861000	 0.253000	 1.000000
0.423333	0.423333	1.000000	 0.746000	0.957836	0.846095	0.861000	 0.254000	 1.000000
0.425000	0.425000	1.000000	 0.745000	0.957670	0.845489	0.861000	 0.255000	 1.000000
0.426667	0.426667	1.000000	 0.744000	0.957504	0.844883	0.861000	 0.256000	 1.000000
0.428333	0.428333	1.000000	 0.743000	0.957338	0.844278	0.861000	 0.257000	 1.000000
0.430000	0.430000	1.000000	 0.742000	0.957172	0.843672	0.861000	 0.258000	 1.000000
0.431667	0.431667	1.000000	 0.741000	0.957006	0.843066	0.861000	 0.259000	 1.000000
0.433333	0.433333	1.000000	 0.740000	0.956840	0.842460	0.861000	 0.260000	 1.000000
0.435000	0.435000	1.000000	 0.739000	0.956674	0.841854	0.861000	 0.261000	 1.000000
0.436667	0.436667	1.000000	 0.738000	0.956508	0.841248	0.861000	 0.262000	 1.000000
0.438333	0.438333	1.000000	 0.737000	0.956342	0.840642	0.861000	 0.263000	 1.000000
0.440000	0.440000	1.000000	 0.736000	0.956176	0.840036	0.861000	 0.264000	 1.000000
0.441667	0.441667	1.000000	 0.735000	0.956010	0.839430	0.861000	 0.265000	 1.000000
0.443333	0.443333	1.000000	 0.734000	0.955844	0.838824	0.861000	 0.266000	 1.000000
0.445000	0.445000	1.000000	 0.733000	0.955678	0.838218	0.861000	 0.267000	 1.000000
0.446667	0.446667	1.000000	 0.732000	0.955512	0.837612	0.861000	 0.268000	 1.000000
0.448333	0.448333	1.000000	 0.731000	0.955346	0.837006	0.861000	 0.269000	 1.000000
0.450000	0.450000	1.000000	 0.730000	0.955180	0.836401	0.861000	 0.270000	 1.000000
0.451667	0.451667	1.000000	 0.729000	0.955014	0.835795	0.861000	 0.271000	 1.000000
0.453333	0.453333	1.000000	 0.728000	0.954848	0.835189	0.861000	 0.272000	 1.000000
0.455000	0.455000	1.000000	 0.727000	0.954682	0.834583	0.861000	 0.273000	 1.000000
0.456667	0.456667	1.000000	 0.726000	0.954516	0.833977	0.861000	 0.274000	 1.000000
0.458333	0.458333	1.000000	 0.725000	0.954350	0.833371	0.861000	 0.275000	 1.000000
0.460000	0.460000	1.000000	 0.724000	0.954184	0.832765	0.861000	 0.276000	 1.000000
0.461667	0.461667	1.000000	 0.723000	0.954018	0.832159	0.861000	 0.277000	 1.000000
0.463333	0.463333	1.000000	 0.722000	0.953852	0.831553	0.861000	 0.278000	 1.000000
0.465000	0.465000	1.000000	 0.721000	0.953686	0.830947	0.861000	 0.279000	 1.000000
0.466667	0.466667	1.000000	 0.720000	0.953520	0.830341	0.861000	 0.280000	 1.000000
0.468333	0.468333	1.000000	 0.719000	0.953354	0.829735	0.861000	 0.281000	 1.000000
0.470000	0.470000	1.000000	 0.718000	0.953188	0.829129	0.861000	 0.282000	 1.000000
0.471667	0.471667	1.000000	 0.717000	0.953022	0.828524	0.861000	 0.283000	 1.000000
0.473333	0.473333	1.000000	 0.716000	0.952856	0.827918	0.861000	 0.284000	 1.000000
0.475000	0.475000	1.000000	 0.715000	0.952690	0.827312	0.861000	 0.285000	 1.000000
0.476667	0.476667	1.000000	 0.714000	0.952524	0.826706	0.861000	 0.286000	 1.000000
0.478333	0.478333	1.000000	 0.713000	0.952358	0.826100	0.861000	 0.287000	 1.000000
0.480000	0.480000	1.000000	 0.712000	0.952192	0.825494	0.861000	 0.288000	 1.000000
0.481667	0.481667	1.000000	 0.711000	0.952026	0.824888	0.861000	 0.289000	 1.000000
0.483333	0.483333	1.000000	 0.710000	0.951860	0.824282	0.861000	 0.290000	 1.000000
0.485000	0.485000	1.000000	 0.709000	0.951694	0.823676	0.861000	 0.291000	 1.000000
0.486667	0.486667	1.000000	 0.708000	0.951528	0.823070	0.861000	 0.292000	 1.000000
0.488333	0.488333	1.000000	 0.707000	0.951362	0.822464	0.861000	 0.293000	 1.000000
0.490000	0.490000	1.000000	 0.706000	0.951196	0.821858	0.861000	 0.294000	 1.000000
0.491667	0.491667	1.000000	 0.705000	0.951030	0.821252	0.861000	 0.295000	 1.000000
0.493333	0.493333	1.000000	 0.704000	0.950864	0.820646	0.861000	 0.296000	 1.000000
0.495000	0.495000	1.000000	 0.703000	0.950698	0.820041	0.861000	 0.297000	 1.000000
0.496667	0.496667	1.000000	 0.702000	0.950532	0.819435	0.861000	 0.298000	 1.000000
0.498333	0.498333	1.000000	 0.701000	0.950366	0.818829	0.861000	 0.299000	 1.000000
0.500000	0.500000	1.000000	 0.700000	0.950200	0.818223	0.861000	 0.300000	 1.000000
0.501667	0.501667	1.000000	 0.699000	0.950034	0.817617	0.861000	 0.301000	 1.000000
0.503333	0.503333	1.000000	 0.698000	0.949868	0.817011	0.861000	 0.302000	 1.000000
0.505000	0.505000	1.000000	 0.697000	0.949702	0.816405	0.861000	 0.303000	 1.000000
0.506667	0.506667	1.000000	 0.696000	0.949536	0.815799	0.861000	 0.304000	 1.000000
0.508333	0.508333	1.000000	 0.695000	0.949370	0.815193	0.861000	 0.305000	 1.000000
0.510000	0.510000	1.000000	 0.694000	0.949204	0.814587	0.861000	 0.306000	 1.000000
0.511667	0.511667	1.000000	 0.693000	0.949038	0.813981	0.861000	 0.307000	 1.000000
0.513333	0.513333	1.000000	 0.692000	0.948872	0.813375	0.861000	 0.308000	 1.000000
0.515000	0.515000	1.000000	 0.691000	0.948706	0.812769	0.861000	 0.309000	 1.000000
0.516667	0.516667	1.000000	 0.690000	0.948540	0.812164	0.861000	 0.310000	 1.000000
0.518333	0.518333	1.000000	 0.689000	0.948374	0.811558	0.861000	 0.311000	 1.000000
0.520000	0.520000	1.000000	 0.688000	0.948208	0.810952	0.861000	 0.312000	 1.000000
0.521667	0.521667	1.000000	 0.687000	0.948042	0.810346	0.861000	 0.313000	 1.000000
0.523333	0.523333	1.000000	 0.686000	0.947876	0.809740	0.861000	 0.314000	 1.000000
0.525000	0.525000	1.000000	 0.685000	0.947710	0.809134	0.861000	 0.315000	 1.000000
0.526667	0.526667	1.000000	 0.684000	0.947544	0.808528	0.861000	 0.316000	 1.000000
0.528333	0.528333	1.000000	 0.683000	0.947378	0.807922	0.861000	 0.317000	 1.000000
0.530000	0.530000	1.000000	 0.682000	0.947212	0.807316	0.861000	 0.318000	 1.000000
0.531667	0.531667	1.000000	 0.681000	0.947046	0.806710	0.861000	 0.319000	 1.000000
0.533333	0.533333	1.000000	 0.680000	0.946880	0.806104	0.861000	 0.320000	 1.000000
0.535000	0.535000	1.000000	 0.679000	0.946714	0.805498	0.861000	 0.321000	 1.000000
0.536667	0.536667	1.000000	 0.678000	0.946548	0.804892	0.861000	 0.322000	 1.000000
0.538333	0.538333	1.000000	 0.677000	0.946382	0.804287	0.861000	 0.323000	 1.000000
0.540000	0.540000	1.000000	 0.676000	0.946216	0.803681	0.861000	 0.324000	 1.000000
0.541667	0.541667	1.000000	 0.675000	0.946050	0.803075	0.861000	 0.325000	 1.000000
0.543333	0.543333	1.000000	 0.674000	0.945884	0.802469	0.861000	 0.326000	 1.000000
0.545000	0.545000	1.000000	 0.673000	0.945718	0.801863	0.861000	 0.327000	 1.000000
0.546667	0.546667	1.000000	 0.672000	0.945552	0.801257	0.861000	 0.328000	 1.000000
0.548333	0.548333	1.000000	 0.671000	0.945386	0.800651	0.861000	 0.329000	 1.000000
0.550000	0.550000	1.000000	 0.670000	0.945220	0.800045	0.861000	 0.330000	 1.000000
0.551667	0.551667	1.000000	 0.669000	0.945054	0.799439	0.861000	 0.331000	 1.000000
0.553333	0.553333	1.000000	 0.668000	0.944888	0.798833	0.861000	 0.332000	 1.000000
0.555000	0.555000	1.000000	 0.667000	0.944722	0.798227	0.861000	 0.333000	 1.000000
0.556667	0.556667	1.000000	 0.666000	0.944556	0.797621	0.861000	 0.334000	 1.000000
0.558333	0.558333	1.000000	 0.665000	0.944390	0.797015	0.861000	 0.335000	 1.000000
0.560000	0.560000	1.000000	 0.664000	0.944224	0.796410	0.861000	 0.336000	 1.000000
0.561667	0.561667	1.000000	 0.663000	0.944058	0.795804	0.861000	 0.337000	 1.000000
0.563333	0.563333	1.000000	 0.662000	0.943892	0.795198	0.861000	 0.338000	 1.000000
0.565000	0.565000	1.000000	 0.661000	0.943726	0.794592	0.861000	 0.339000	 1.000000
0.566667	0.566667	1.000000	 0.660000	0.943560	0.793986	0.861000	 0.340000	 1.000000
0.568333	0.568333	1.000000	 0.659000	0.943394	0.793380	0.861000	 0.341000	 1.000000
0.570000	0.570000	1.000000	 0.658000	0.943228	0.792774	0.861000	 0.342000	 1.000000
0.571667	0.571667	1.000000	 0.657000	0.943062	0.792168	0.861000	 0.343000	 1.000000
0.573333	0.573333	1.000000	 0.656000	0.942896	0.791562	0.861000	 0.344000	 1.000000
0.575000	0.575000	1.000000	 0.655000	0.942730	0.790956	0.861000	 0.345000	 1.000000
0.576667	0.576667	1.000000	 0.654000	0.942564	0.790350	0.861000	 0.346000	 1.000000
0.578333	0.578333	1.000000	 0.653000	0.942398	0.789744	0.861000	 0.347000	 1.000000
0.580000	0.580000	1.000000	 0.652000	0.942232	0.789138	0.861000	 0.348000	 1.000000
0.581667	0.581667	1.000000	 0.651000	0.942066	0.788533	0.861000	 0.349000	 1.000000
0.583333	0.583333	1.000000	 0.650000	0.941900	0.787927	0.861000	 0.350000	 1.000000
0.585000	0.585000	1.000000	 0.649000	0.941734	0.787321	0.861000	 0.351000	 1.000000
0.586667	0.586667	1.000000	 0.648000	0.941568	0.786715	0.861000	 0.352000	 1.000000
0.588333	0.588333	1.000000	 0.647000	0.941402	0.786109	0.861000	 0.353000	 1.000000
0.590000	0.590000	1.000000	 0.646000	0.941236	0.785503	0.861000	 0.354000	 1.000000
0.591667	0.591667	1.000000	 0.645000	0.941070	0.784897	0.861000	 0.355000	 1.000000
0.593333	0.593333	1.000000	 0.644000	0.940904	0.784291	0.861000	 0.356000	 1.000000
0.595000	0.595000	1.000000	 0.643000	0.940738	0.783685	0.861000	 0.357000	 1.000000
0.596667	0.596667	1.000000	 0.642000	0.940572	0.783079	0.861000	 0.358000	 1.000000
0.598333	0.598333	1.000000	 0.641000	0.940406	0.782473	0.861000	 0.359000	 1.000000
0.600000	0.600000	1.000000	 0.640000	0.940240	0.781867	0.861000	 0.360000	 1.000000
0.601667	0.601667	1.000000	 0.639000	0.940074	0.781261	0.861000	 0.361000	 1.000000
0.603333	0.603333	1.000000	 0.638000	0.939908	0.780656	0.861000	 0.362000	 1.000000
0.605000	0.605000	1.000000	 0.637000	0.939742	0.780050	0.861000	 0.363000	 1.000000
0.606667	0.606667	1.000000	 0.636000	0.939576	0.779444	0.861000	 0.364000	 1.000000
0.608333	0.608333	1.000000	 0.635000	0.939410	0.778838	0.861000	 0.365000	 1.000000
0.610000	0.610000	1.000000	 0.634000	0.939244	0.778232	0.861000	 0.366000	 1.000000
0.611667	0.611667	1.000000	 0.633000	0.939078	0.777626	0.861000	 0.367000	 1.000000
0.613333	0.613333	1.000000	 0.632000	0.938912	0.777020	0.861000	 0.368000	 1.000000
0.615000	0.615000	1.000000	 0.631000	0.938746	0.776414	0.861000	 0.369000	 1.000000
0.616667	0.616667	1.000000	 0.630000	0.938580	0.775808	0.861000	 0.370000	 1.000000
0.618333	0.618333	1.000000	 0.629000	0.938414	0.775202	0.861000	 0.371000	 1.000000
0.620000	0.620000	1.000000	 0.628000	0.938248	0.774596	0.861000	 0.372000	 1.000000
0.621667	0.621667	1.000000	 0.627000	0.938082	0.773990	0.861000	 0.373000	 1.000000
0.623333	0.623333	1.000000	 0.626000	0.937916	0.773384	0.861000	 0.374000	 1.000000
0.625000	0.625000	1.000000	 0.625000	0.937750	0.772779	0.861000	 0.375000	 1.000000
0.626667	0.626667	1.000000	 0.624000	0.937584	0.772173	0.861000	 0.376000	 1.000000
0.628333	0.628333	1.000000	 0.623000	0.937418	0.771567	0.861000	 0.377000	 1.000000
0.630000	0.630000	1.000000	 0.622000	0.937252	0.770961	0.861000	 0.378000	 1.000000
0.631667	0.631667	1.000000	 0.621000	0.937086	0.770355	0.861000	 0.379000	 1.000000
0.633333	0.633333	1.000000	 0.620000	0.936920	0.769749	0.861000	 0.380000	 1.000000
0.635000	0.635000	1.000000	 0.619000	0.936754	0.769143	0.861000	 0.381000	 1.000000
0.636667	0.636667	1.000000	 0.618000	0.936588	0.768537	0.861000	 0.382000	 1.000000
0.638333	0.638333	1.000000	 0.617000	0.936422	0.767931	0.861000	 0.383000	 1.000000
0.640000	0.640000	1.000000	 0.616000	0.936256	0.767325	0.861000	 0.384000	 1.000000
0.641667	0.641667	1.000000	 0.615000	0.936090	0.766719	0.861000	 0.385000	 1.000000
0.643333	0.643333	1.000000	 0.614000	0.935924	0.766113	0.861000	 0.386000	 1.000000
0.645000	0.645000	1.000000	 0.613000	0.935758	0.765507	0.861000	 0.387000	 1.000000
0.646667	0.646667	1.000000	 0.612000	0.935592	0.764901	0.861000	 0.388000	 1.000000
0.648333	0.648333	1.000000	 0.611000	0.935426	0.764296	0.861000	 0.389000	 1.000000
0.650000	0.650000	1.000000	 0.610000	0.935260	0.763690	0.861000	 0.390000	 1.000000
0.651667	0.651667	1.000000	 0.609000	0.935094	0.763084	0.861000	 0.391000	 1.000000
0.653333	0.653333	1.000000	 0.608000	0.934928	0.762478	0.861000	 0.392000	 1.000000
0.655000	0.655000	1.000000	 0.607000	0.934762	0.761872	0.861000	 0.393000	 1.000000
0.656667	0.656667	1.000000	 0.606000	0.934596	0.761266	0.861000	 0.394000	 1.000000
0.658333	0.658333	1.000000	 0.605000	0.934430	0.760660	0.861000	 0.395000	 1.000000
0.660000	0.660000	1.000000	 0.604000	0.934264	0.760054	0.861000	 0.396000	 1.000000
0.661667	0.661667	1.000000	 0.603000	0.934098	0.759448	0.861000	 0.397000	 1.000000
0.663333	0.663333	1.000000	 0.602000	0.933932	0.758842	0.861000	 0.398000	 1.000000
0.665000	0.665000	1.000000	 0.601000	0.933766	0.758236	0.861000	 0.399000	 1.000000
0.666667	0.666667	1.000000	 0.600000	0.933600	0.757630	0.861000	 0.400000	 1.000000
0.668333	0.668333	1.000000	 0.599000	0.933434	0.757024	0.861000	 0.401000	 1.000000
0.670000	0.670000	1.000000	 0.598000	0.933268	0.756419	0.861000	 0.402000	 1.000000
0.671667	0.671667	1.000000	 0.597000	0.933102	0.755813	0.861000	 0.403000	 1.000000
0.673333	0.673333	1.000000	 0.596000	0.932936	0.755207	0.861000	 0.404000	 1.000000
0.675000	0.675000	1.000000	 0.595000	0.932770	0.754601	0.861000	 0.405000	 1.000000
0.676667	0.676667	1.000000	 0.594000	0.932604	0.753995	0.861000	 0.406000	 1.000000
0.678333	0.678333	1.000000	 0.593000	0.932438	0.753389	0.861000	 0.407000	 1.000000
0.680000	0.680000	1.000000	 0.592000	0.932272	0.752783	0.861000	 0.408000	 1.000000
0.681667	0.681667	1.000000	 0.591000	0.932106	0.752177	0.861000	 0.409000	 1.000000
0.683333	0.683333	1.000000	 0.590000	0.931940	0.751571	0.861000	 0.410000	 1.000000
0.685000	0.685000	1.000000	 0.589000	0.931774	0.750965	0.861000	 0.411000	 1.000000
0.686667	0.686667	1.000000	 0.588000	0.931608	0.750359	0.861000	 0.412000	 1.000000
0.688333	0.688333	1.000000	 0.587000	0.931442	0.749753	0.861000	 0.413000	 1.000000
0.690000	0.690000	1.000000	 0.586000	0.931276	0.749147	0.861000	 0.414000	 1.000000
0.691667	0.691667	1.000000	 0.585000	0.931110	0.748542	0.861000	 0.415000	 1.000000
0.693333	0.693333	1.000000	 0.584000	0.930944	0.747936	0.861000	 0.416000	 1.000000
0.695000	0.695000	1.000000	 0.583000	0.930778	0.747330	0.861000	 0.417000	 1.000000
0.696667	0.696667	1.000000	 0.582000	0.930612	0.746724	0.861000	 0.418000	 1.000000
0.698333	0.698333	1.000000	 0.581000	0.930446	0.746118	0.861000	 0.419000	 1.000000
0.700000	0.700000	1.000000	 0.580000	0.930280	0.745512	0.861000	 0.420000	 1.000000
0.701667	0.701667	1.000000	 0.579000	0.930114	0.744906	0.861000	 0.421000	 1.000000
0.703333	0.703333	1.000000	 0.578000	0.929948	0.744300	0.861000	 0.422000	 1.000000
0.705000	0.705000	1.000000	 0.577000	0.929782	0.743694	0.861000	 0.423000	 1.000000
0.706667	0.706667	1.000000	 0.576000	0.929616	0.743088	0.861000	 0.424000	 1.000000
0.708333	0.708333	1.000000	 0.575000	0.929450	0.742482	0.861000	 0.425000	 1.000000
0.710000	0.710000	1.000000	 0.574000	0.929284	0.741876	0.861000	 0.426000	 1.000000
0.711667	0.711667	1.000000	 0.573000	0.929118	0.741270	0.861000	 0.427000	 1.000000
0.713333	0.713333	1.000000	 0.572000	0.928952	0.740665	0.861000	 0.428000	 1.000000
0.715000	0.715000	1.000000	 0.571000	0.928786	0.740059	0.861000	 0.429000	 1.000000
0.716667	0.716667	1.000000	 0.570000	0.928620	0.739453	0.861000	 0.430000	 1.000000
0.718333	0.718333	1.000000	 0.569000	0.928454	0.738847	0.861000	 0.431000	 1.000000
0.720000	0.720000	1.000000	 0.568000	0.928288	0.738241	0.861000	 0.432000	 1.000000
0.721667	0.721667	1.000000	 0.567000	0.928122	0.737635	0.861000	 0.433000	 1.000000
0.723333	0.723333	1.000000	 0.566000	0.927956	0.737029	0.861000	 0.434000	 1.000000
0.725000	0.725000	1.000000	 0.565000	0.927790	0.736423	0.861000	 0.435000	 1.000000
0.726667	0.726667	1.000000	 0.564000	0.927624	0.735817	0.861000	 0.436000	 1.000000
0.728333	0.728333	1.000000	 0.563000	0.927458	0.735211	0.861000	 0.437000	 1.000000
0.730000	0.730000	1.000000	 0.562000	0.927292	0.734605	0.861000	 0.438000	 1.000000
0.731667	0.731667	1.000000	 0.561000	0.927126	0.733999	0.861000	 0.439000	 1.000000
0.733333	0.733333	1.000000	 0.560000	0.926960	0.733393	0.861000	 0.440000	 1.000000
0.735000	0.735000	1.000000	 0.559000	0.926794	0.732788	0.861000	 0.441000	 1.000000
0.736667	0.736667	1.000000	 0.558000	0.926628	0.732182	0.861000	 0.442000	 1.000000
0.738333	0.738333	1.000000	 0.557000	0.926462	0.731576	0.861000	 0.443000	 1.000000
0.740000	0.740000	1.000000	 0.556000	0.926296	0.730970	0.861000	 0.444000	 1.000000
0.741667	0.741667	1.000000	 0.555000	0.926130	0.730364	0.861000	 0.445000	 1.000000
0.743333	0.743333	1.000000	 0.554000	0.925964	0.729758	0.861000	 0.446000	 1.000000
0.745000	0.745000	1.000000	 0.553000	0.925798	0.729152	0.861000	 0.447000	 1.000000
0.746667	0.746667	1.000000	 0.552000	0.925632	0.728546	0.861000	 0.448000	 1.000000
0.748333	0.748333	1.000000	 0.551000	0.925466	0.727940	0.861000	 0.449000	 1.000000
0.750000	0.750000	1.000000	 0.550000	0.925300	0.727334	0.861000	 0.450000	 1.000000
0.751667	0.751667	1.000000	 0.549000	0.925134	0.726728	0.861000	 0.451000	 1.000000
0.753333	0.753333	1.000000	 0.548000	0.924968	0.726122	0.861000	 0.452000	 1.000000
0.755000	0.755000	1.000000	 0.547000	0.924802	0.725516	0.861000	 0.453000	 1.000000
0.756667	0.756667	1.000000	 0.546000	0.924636	0.724911	0.861000	 0.454000	 1.000000
0.758333	0.758333	1.000000	 0.545000	0.924470	0.724305	0.861000	 0.455000	 1.000000
0.760000	0.760000	1.000000	 0.544000	0.924304	0.723699	0.861000	 0.456000	 1.000000
0.761667	0.761667	1.000000	 0.543000	0.924138	0.723093	0.861000	 0.457000	 1.000000
0.763333	0.763333	1.000000	 0.542000	0.923972	0.722487	0.861000	 0.458000	 1.000000
0.765000	0.765000	1.000000	 0.541000	0.923806	0.721881	0.861000	 0.459000	 1.000000
0.766667	0.766667	1.000000	 0.540000	0.923640	0.721275	0.861000	 0.460000	 1.000000
0.768333	0.768333	1.000000	 0.539000	0.923474	0.720669	0.861000	 0.461000	 1.000000
0.770000	0.770000	1.000000	 0.538000	0.923308	0.720063	0.861000	 0.462000	 1.000000
0.771667	0.771667	1.000000	 0.537000	0.923142	0.719457	0.861000	 0.463000	 1.000000
0.773333	0.773333	1.000000	 0.536000	0.922976	0.718851	0.861000	 0.464000	 1.000000
0.775000	0.775000	1.000000	 0.535000	0.922810	0.718245	0.861000	 0.465000	 1.000000
0.776667	0.776667	1.000000	 0.534000	0.922644	0.717639	0.861000	 0.466000	 1.000000
0.778333	0.778333	1.000000	 0.533000	0.922478	0.717033	0.861000	 0.467000	 1.000000
0.780000	0.780000	1.000000	 0.532000	0.922312	0.716428	0.861000	 0.468000	 1.000000
0.781667	0.781667	1.000000	 0.531000	0.922146	0.715822	0.861000	 0.469000	 1.000000
0.783333	0.783333	1.000000	 0.530000	0.921980	0.715216	0.861000	 0.470000	 1.000000
0.785000	0.785000	1.000000	 0.529000	0.921814	0.714610	0.861000	 0.471000	 1.000000
0.786667	0.786667	1.000000	 0.528000	0.921648	0.714004	0.861000	 0.472000	 1.000000
0.788333	0.788333	1.000000	 0.527000	0.921482	0.713398	0.861000	 0.473000	 1.000000
0.790000	0.790000	1.000000	 0.526000	0.921316	0.712792	0.861000	 0.474000	 1.000000
0.791667	0.791667	1.000000	 0.525000	0.921150	0.712186	0.861000	 0.475000	 1.000000
0.793333	0.793333	1.000000	 0.524000	0.920984	0.711580	0.861000	 0.476000	 1.000000
0.795000	0.795000	1.000000	 0.523000	0.920818	0.710974	0.861000	 0.477000	 1.000000
0.796667	0.796667	1.000000	 0.522000	0.920652	0.710368	0.861000	 0.478000	 1.000000
0.798333	0.798333	1.000000	 0.521000	0.920486	0.709762	0.861000	 0.479000	 1.000000
0.800000	0.800000	1.000000	 0.520000	0.920320	0.709156	0.861000	 0.480000	 1.000000
0.801667	0.801667	1.000000	 0.519000	0.920154	0.708551	0.861000	 0.481000	 1.000000
0.803333	0.803333	1.000000	 0.518000	0.919988	0.707945	0.861000	 0.482000	 1.000000
0.805000	0.805000	1.000000	 0.517000	0.919822	0.707339	0.861000	 0.483000	 1.000000
0.806667	0.806667	1.000000	 0.516000	0.919656	0.706733	0.861000	 0.484000	 1.000000
0.808333	0.808333	1.000000	 0.515000	0.919490	0.706127	0.861000	 0.485000	 1.000000
0.810000	0.810000	1.000000	 0.514000	0.919324	0.705521	0.861000	 0.486000	 1.000000
0.811667	0.811667	1.000000	 0.513000	0.919158	0.704915	0.861000	 0.487000	 1.000000
0.813333	0.813333	1.000000	 0.512000	0.918992	0.704309	0.861000	 0.488000	 1.000000
0.815000	0.815000	1.000000	 0.511000	0.918826	0.703703	0.861000	 0.489000	 1.000000
0.816667	0.816667	1.000000	 0.510000	0.918660	0.703097	0.861000	 0.490000	 1.000000
0.818333	0.818333	1.000000	 0.509000	0.918494	0.702491	0.861000	 0.491000	 1.000000
0.820000	0.820000	1.000000	 0.508000	0.918328	0.701885	0.861000	 0.492000	 1.000000
0.821667	0.821667	1.000000	 0.507000	0.918162	0.701279	0.861000	 0.493000	 1.000000
0.823333	0.823333	1.000000	 0.506000	0.917996	0.700674	0.861000	 0.494000	 1.000000
0.825000	0.825000	1.000000	 0.505000	0.917830	0.700068	0.861000	 0.495000	 1.000000
0.826667	0.826667	1.000000	 0.504000	0.917664	0.699462	0.861000	 0.496000	 1.000000
0.828333	0.828333	1.000000	 0.503000	0.917498	0.698856	0.861000	 0.497000	 1.000000
0.830000	0.830000	1.000000	 0.502000	0.917332	0.698250	0.861000	 0.498000	 1.000000
0.831667	0.831667	1.000000	 0.501000	0.917166	0.697644	0.861000	 0.499000	 1.000000
0.833333	0.833333	1.000000	 0.500000	0.917000	0.697038	0.861000	 0.500000	 1.000000
0.835000	0.835000	1.000000	 0.499000	0.916834	0.696432	0.861000	 0.501000	 1.000000
0.836667	0.836667	1.000000	 0.498000	0.916668	0.695826	0.861000	 0.502000	 1.000000
0.838333	0.838333	1.000000	 0.497000	0.916502	0.695220	0.861000	 0.503000	 1.000000
0.840000	0.840000	1.000000	 0.496000	0.916336	0.694614	0.861000	 0.504000	 1.000000
0.841667	0.841667	1.000000	 0.495000	0.916170	0.694008	0.861000	 0.505000	 1.000000
0.843333	0.843333	1.000000	 0.494000	0.916004	0.693402	0.861000	 0.506000	 1.000000
0.845000	0.845000	1.000000	 0.493000	0.915838	0.692797	0.861000	 0.507000	 1.000000
0.846667	0.846667	1.000000	 0.492000	0.915672	0.692191	0.861000	 0.508000	 1.000000
0.848333	0.848333	1.000000	 0.491000	0.915506	0.691585	0.861000	 0.509000	 1.000000
0.850000	0.850000	1.000000	 0.490000	0.915340	0.690979	0.861000	 0.510000	 1.000000
0.851667	0.851667	1.000000	 0.489000	0.915174	0.690373	0.861000	 0.511000	 1.000000
0.853333	0.853333	1.000000	 0.488000	0.915008	0.689767	0.861000	 0.512000	 1.000000
0.855000	0.855000	1.000000	 0.487000	0.914842	0.689161	0.861000	 0.513000	 1.000000
0.856667	0.856667	1.000000	 0.486000	0.914676	0.688555	0.861000	 0.514000	 1.000000
0.858333	0.858333	1.000000	 0.485000	0.914510	0.687949	0.861000	 0.515000	 1.000000
0.860000	0.860000	1.000000	 0.484000	0.914344	0.687343	0.861000	 0.516000	 1.000000
0.861667	0.861667	1.000000	 0.483000	0.914178	0.686737	0.861000	 0.517000	 1.000000
0.863333	0.863333	1.000000	 0.482000	0.914012	0.686131	0.861000	 0.518000	 1.000000
0.865000	0.865000	1.000000	 0.481000	0.913846	0.685525	0.861000	 0.519000	 1.000000
0.866667	0.866667	1.000000	 0.480000	0.913680	0.684920	0.861000	 0.520000	 1.000000
0.868333	0.868333	1.000000	 0.479000	0.913514	0.684314	0.861000	 0.521000	 1.000000
0.870000	0.870000	1.000000	 0.478000	0.913348	0.683708	0.861000	 0.522000	 1.000000
0.871667	0.871667	1.000000	 0.477000	0.913182	0.683102	0.861000	 0.523000	 1.000000
0.873333	0.873333	1.000000	 0.476000	0.913016	0.682496	0.861000	 0.524000	 1.000000
0.875000	0.875000	1.000000	 0.475000	0.912850	0.681890	0.861000	 0.525000	 1.000000
0.876667	0.876667	1.000000	 0.474000	0.912684	0.681284	0.861000	 0.526000	 1.000000
0.878333	0.878333	1.000000	 0.473000	0.912518	0.680678	0.861000	 0.527000	 1.000000
0.880000	0.880000	1.000000	 0.472000	0.912352	0.680072	0.861000	 0.528000	 1.000000
0.881667	0.881667	1.000000	 0.471000	0.912186	0.679466	0.861000	 0.529000	 1.000000
0.883333	0.883333	1.000000	 0.470000	0.912020	0.678860	0.861000	 0.530000	 1.000000
0.885000	0.885000	1.000000	 0.469000	0.911854	0.678254	0.861000	 0.531000	 1.000000
0.886667	0.886667	1.000000	 0.468000	0.911688	0.677648	0.861000	 0.532000	 1.000000
0.888333	0.888333	1.000000	 0.467000	0.911522	0.677043	0.861000	 0.533000	 1.000000
0.890000	0.890000	1.000000	 0.466000	0.911356	0.676437	0.861000	 0.534000	 1.000000
0.891667	0.891667	1.000000	 0.465000	0.911190	0.675831	0.861000	 0.535000	 1.000000
0.893333	0.893333	1.000000	 0.464000	0.911024	0.675225	0.861000	 0.536000	 1.000000
0.895000	0.895000	1.000000	 0.463000	0.910858	0.674619	0.861000	 0.537000	 1.000000
0.896667	0.896667	1.000000	 0.462000	0.910692	0.674013	0.861000	 0.538000	 1.000000
0.898333	0.898333	1.000000	 0.461000	0.910526	0.673407	0.861000	 0.539000	 1.000000
0.900000	0.900000	1.000000	 0.460000	0.910360	0.672801	0.861000	 0.540000	 1.000000
0.901667	0.901667	1.000000	 0.459000	0.910194	0.672195	0.861000	 0.541000	 1.000000
0.903333	0.903333	1.000000	 0.458000	0.910028	0.671589	0.861000	 0.542000	 1.000000
0.905000	0.905000	1.000000	 0.457000	0.909862	0.670983	0.861000	 0.543000	 1.000000
0.906667	0.906667	1.000000	 0.456000	0.909696	0.670377	0.861000	 0.544000	 1.000000
0.908333	0.908333	1.000000	 0.455000	0.909530	0.669771	0.861000	 0.545000	 1.000000
0.910000	0.910000	1.000000	 0.454000	0.909364	0.669165	0.861000	 0.546000	 1.000000
0.911667	0.911667	1.000000	 0.453000	0.909198	0.668560	0.861000	 0.547000	 1.000000
0.913333	0.913333	1.000000	 0.452000	0.909032	0.667954	0.861000	 0.548000	 1.000000
0.915000	0.915000	1.000000	 0.451000	0.908866	0.667348	0.861000	 0.549000	 1.000000
0.916667	0.916667	1.000000	 0.450000	0.908700	0.666742	0.861000	 0.550000	 1.000000
0.918333	0.918333	1.000000	 0.449000	0.908534	0.666136	0.861000	 0.551000	 1.000000
0.920000	0.920000	1.000000	 0.448000	0.908368	0.665530	0.861000	 0.552000	 1.000000
0.921667	0.921667	1.000000	 0.447000	0.908202	0.664924	0.861000	 0.553000	 1.000000
0.923333	0.923333	1.000000	 0.446000	0.908036	0.664318	0.861000	 0.554000	 1.000000
0.925000	0.925000	1.000000	 0.445000	0.907870	0.663712	0.861000	 0.555000	 1.000000
0.926667	0.926667	1.000000	 0.444000	0.907704	0.663106	0.861000	 0.556000	 1.000000
0.928333	0.928333	1.000000	 0.443000	0.907538	0.662500	0.861000	 0.557000	 1.000000
0.930000	0.930000	1.000000	 0.442000	0.907372	0.661894	0.861000	 0.558000	 1.000000
0.931667	0.931667	1.000000	 0.441000	0.907206	0.661288	0.861000	 0.559000	 1.000000
0.933333	0.933333	1.000000	 0.440000	0.907040	0.660683	0.861000	 0.560000	 1.000000
0.935000	0.935000	1.000000	 0.439000	0.906874	0.660077	0.861000	 0.561000	 1.000000
0.936667	0.936667	1.000000	 0.438000	0.906708	0.659471	0.861000	 0.562000	 1.000000
0.938333	0.938333	1.000000	 0.437000	0.906542	0.658865	0.861000	 0.563000	 1.000000
0.940000	0.940000	1.000000	 0.436000	0.906376	0.658259	0.861000	 0.564000	 1.000000
0.941667	0.941667	1.000000	 0.435000	0.906210	0.657653	0.861000	 0.565000	 1.000000
0.943333	0.943333	1.000000	 0.434000	0.906044	0.657047	0.861000	 0.566000	 1.000000
0.945000	0.945000	1.000000	 0.433000	0.905878	0.656441	0.861000	 0.567000	 1.000000
0.946667	0.946667	1.000000	 0.432000	0.905712	0.655835	0.861000	 0.568000	 1.000000
0.948333	0.948333	1.000000	 0.431000	0.905546	0.655229	0.861000	 0.569000	 1.000000
0.950000	0.950000	1.000000	 0.430000	0.905380	0.654623	0.861000	 0.570000	 1.000000
0.951667	0.951667	1.000000	 0.429000	0.905214	0.654017	0.861000	 0.571000	 1.000000
0.953333	0.953333	1.000000	 0.428000	0.905048	0.653411	0.861000	 0.572000	 1.000000
0.955000	0.955000	1.000000	 0.427000	0.904882	0.652806	0.861000	 0.573000	 1.000000
0.956667	0.956667	1.000000	 0.426000	0.904716	0.652200	0.861000	 0.574000	 1.000000
0.958333	0.958333	1.000000	 0.425000	0.904550	0.651594	0.861000	 0.575000	 1.000000
0.960000	0.960000	1.000000	 0.424000	0.904384	0.650988	0.861000	 0.576000	 1.000000
0.961667	0.961667	1.000000	 0.423000	0.904218	0.650382	0.861000	 0.577000	 1.000000
0.963333	0.963333	1.000000	 0.422000	0.904052	0.649776	0.861000	 0.578000	 1.000000
0.965000	0.965000	1.000000	 0.421000	0.903886	0.649170	0.861000	 0.579000	 1.000000
0.966667	0.966667	1.000000	 0.420000	0.903720	0.648564	0.861000	 0.580000	 1.000000
0.968333	0.968333	1.000000	 0.419000	0.903554	0.647958	0.861000	 0.581000	 1.000000
0.970000	0.970000	1.000000	 0.418000	0.903388	0.647352	0.861000	 0.582000	 1.000000
0.971667	0.971667	1.000000	 0.417000	0.903222	0.646746	0.861000	 0.583000	 1.000000
0.973333	0.973333	1.000000	 0.416000	0.903056	0.646140	0.861000	 0.584000	 1.000000
0.975000	0.975000	1.000000	 0.415000	0.902890	0.645534	0.861000	 0.585000	 1.000000
0.976667	0.976667	1.000000	 0.414000	0.902724	0.644929	0.861000	 0.586000	 1.000000
0.978333	0.978333	1.000000	 0.413000	0.902558	0.644323	0.861000	 0.587000	 1.000000
0.980000	0.980000	1.000000	 0.412000	0.902392	0.643717	0.861000	 0.588000	 1.000000
0.981667	0.981667	1.000000	 0.411000	0.902226	0.643111	0.861000	 0.589000	 1.000000
0.983333	0.983333	1.000000	 0.410000	0.902060	0.642505	0.861000	 0.590000	 1.000000
0.985000	0.985000	1.000000	 0.409000	0.901894	0.641899	0.861000	 0.591000	 1.000000
0.986667	0.986667	1.000000	 0.408000	0.901728	0.641293	0.861000	 0.592000	 1.000000
0.988333	0.988333	1.000000	 0.407000	0.901562	0.640687	0.861000	 0.593000	 1.000000
0.990000	0.990000	1.000000	 0.406000	0.901396	0.640081	0.861000	 0.594000	 1.000000
0.991667	0.991667	1.000000	 0.405000	0.901230	0.639475	0.861000	 0.595000	 1.000000
0.993333	0.993333	1.000000	 0.404000	0.901064	0.638869	0.861000	 0.596000	 1.000000
0.995000	0.995000	1.000000	 0.403000	0.900898	0.638263	0.861000	 0.597000	 1.000000
0.996667	0.996667	1.000000	 0.402000	0.900732	0.637657	0.861000	 0.598000	 1.000000
0.998333	0.998333	1.000000	 0.401000	0.900566	0.637052	0.861000	 0.599000	 1.000000
