#p 		 mp		 R 		 G 		B 		Y 	 h	s	v
0.000000	0.000000	1.000000	 1.000000	1.000000	1.000000	0.984000	 0.000000	 1.000000
0.001667	0.001667	1.000000	 0.999000	0.999096	0.999310	0.984000	 0.001000	 1.000000
0.003333	0.003333	1.000000	 0.998000	0.998192	0.998620	0.984000	 0.002000	 1.000000
0.005000	0.005000	1.000000	 0.997000	0.997288	0.997930	0.984000	 0.003000	 1.000000
0.006667	0.006667	1.000000	 0.996000	0.996384	0.997240	0.984000	 0.004000	 1.000000
0.008333	0.008333	1.000000	 0.995000	0.995480	0.996550	0.984000	 0.005000	 1.000000
0.010000	0.010000	1.000000	 0.994000	0.994576	0.995860	0.984000	 0.006000	 1.000000
0.011667	0.011667	1.000000	 0.993000	0.993672	0.995170	0.984000	 0.007000	 1.000000
0.013333	0.013333	1.000000	 0.992000	0.992768	0.994480	0.984000	 0.008000	 1.000000
0.015000	0.015000	1.000000	 0.991000	0.991864	0.993789	0.984000	 0.009000	 1.000000
0.016667	0.016667	1.000000	 0.990000	0.990960	0.993099	0.984000	 0.010000	 1.000000
0.018333	0.018333	1.000000	 0.989000	0.990056	0.992409	0.984000	 0.011000	 1.000000
0.020000	0.020000	1.000000	 0.988000	0.989152	0.991719	0.984000	 0.012000	 1.000000
0.021667	0.021667	1.000000	 0.987000	0.988248	0.991029	0.984000	 0.013000	 1.000000
0.023333	0.023333	1.000000	 0.986000	0.987344	0.990339	0.984000	 0.014000	 1.000000
0.025000	0.025000	1.000000	 0.985000	0.986440	0.989649	0.984000	 0.015000	 1.000000
0.026667	0.026667	1.000000	 0.984000	0.985536	0.988959	0.984000	 0.016000	 1.000000
0.028333	0.028333	1.000000	 0.983000	0.984632	0.988269	0.984000	 0.017000	 1.000000
0.030000	0.030000	1.000000	 0.982000	0.983728	0.987579	0.984000	 0.018000	 1.000000
0.031667	0.031667	1.000000	 0.981000	0.982824	0.986889	0.984000	 0.019000	 1.000000
0.033333	0.033333	1.000000	 0.980000	0.981920	0.986199	0.984000	 0.020000	 1.000000
0.035000	0.035000	1.000000	 0.979000	0.981016	0.985509	0.984000	 0.021000	 1.000000
0.036667	0.036667	1.000000	 0.978000	0.980112	0.984819	0.984000	 0.022000	 1.000000
0.038333	0.038333	1.000000	 0.977000	0.979208	0.984129	0.984000	 0.023000	 1.000000
0.040000	0.040000	1.000000	 0.976000	0.978304	0.983439	0.984000	 0.024000	 1.000000
0.041667	0.041667	1.000000	 0.975000	0.977400	0.982749	0.984000	 0.025000	 1.000000
0.043333	0.043333	1.000000	 0.974000	0.976496	0.982059	0.984000	 0.026000	 1.000000
0.045000	0.045000	1.000000	 0.973000	0.975592	0.981368	0.984000	 0.027000	 1.000000
0.046667	0.046667	1.000000	 0.972000	0.974688	0.980678	0.984000	 0.028000	 1.000000
0.048333	0.048333	1.000000	 0.971000	0.973784	0.979988	0.984000	 0.029000	 1.000000
0.050000	0.050000	1.000000	 0.970000	0.972880	0.979298	0.984000	 0.030000	 1.000000
0.051667	0.051667	1.000000	 0.969000	0.971976	0.978608	0.984000	 0.031000	 1.000000
0.053333	0.053333	1.000000	 0.968000	0.971072	0.977918	0.984000	 0.032000	 1.000000
0.055000	0.055000	1.000000	 0.967000	0.970168	0.977228	0.984000	 0.033000	 1.000000
0.056667	0.056667	1.000000	 0.966000	0.969264	0.976538	0.984000	 0.034000	 1.000000
0.058333	0.058333	1.000000	 0.965000	0.968360	0.975848	0.984000	 0.035000	 1.000000
0.060000	0.060000	1.000000	 0.964000	0.967456	0.975158	0.984000	 0.036000	 1.000000
0.061667	0.061667	1.000000	 0.963000	0.966552	0.974468	0.984000	 0.037000	 1.000000
0.063333	0.063333	1.000000	 0.962000	0.965648	0.973778	0.984000	 0.038000	 1.000000
0.065000	0.065000	1.000000	 0.961000	0.964744	0.973088	0.984000	 0.039000	 1.000000
0.066667	0.066667	1.000000	 0.960000	0.963840	0.972398	0.984000	 0.040000	 1.000000
0.068333	0.068333	1.000000	 0.959000	0.962936	0.971708	0.984000	 0.041000	 1.000000
0.070000	0.070000	1.000000	 0.958000	0.962032	0.971018	0.984000	 0.042000	 1.000000
0.071667	0.071667	1.000000	 0.957000	0.961128	0.970328	0.984000	 0.043000	 1.000000
0.073333	0.073333	1.000000	 0.956000	0.960224	0.969638	0.984000	 0.044000	 1.000000
0.075000	0.075000	1.000000	 0.955000	0.959320	0.968947	0.984000	 0.045000	 1.000000
0.076667	0.076667	1.000000	 0.954000	0.958416	0.968257	0.984000	 0.046000	 1.000000
0.078333	0.078333	1.000000	 0.953000	0.957512	0.967567	0.984000	 0.047000	 1.000000
0.080000	0.080000	1.000000	 0.952000	0.956608	0.966877	0.984000	 0.048000	 1.000000
0.081667	0.081667	1.000000	 0.951000	0.955704	0.966187	0.984000	 0.049000	 1.000000
0.083333	0.083333	1.000000	 0.950000	0.954800	0.965497	0.984000	 0.050000	 1.000000
0.085000	0.085000	1.000000	 0.949000	0.953896	0.964807	0.984000	 0.051000	 1.000000
0.086667	0.086667	1.000000	 0.948000	0.952992	0.964117	0.984000	 0.052000	 1.000000
0.088333	0.088333	1.000000	 0.947000	0.952088	0.963427	0.984000	 0.053000	 1.000000
0.090000	0.090000	1.000000	 0.946000	0.951184	0.962737	0.984000	 0.054000	 1.000000
0.091667	0.091667	1.000000	 0.945000	0.950280	0.962047	0.984000	 0.055000	 1.000000
0.093333	0.093333	1.000000	 0.944000	0.949376	0.961357	0.984000	 0.056000	 1.000000
0.095000	0.095000	1.000000	 0.943000	0.948472	0.960667	0.984000	 0.057000	 1.000000
0.096667	0.096667	1.000000	 0.942000	0.947568	0.959977	0.984000	 0.058000	 1.000000
0.098333	0.098333	1.000000	 0.941000	0.946664	0.959287	0.984000	 0.059000	 1.000000
0.100000	0.100000	1.000000	 0.940000	0.945760	0.958597	0.984000	 0.060000	 1.000000
0.101667	0.101667	1.000000	 0.939000	0.944856	0.957907	0.984000	 0.061000	 1.000000
0.103333	0.103333	1.000000	 0.938000	0.943952	0.957217	0.984000	 0.062000	 1.000000
0.105000	0.105000	1.000000	 0.937000	0.943048	0.956526	0.984000	 0.063000	 1.000000
0.106667	0.106667	1.000000	 0.936000	0.942144	0.955836	0.984000	 0.064000	 1.000000
0.108333	0.108333	1.000000	 0.935000	0.941240	0.955146	0.984000	 0.065000	 1.000000
0.110000	0.110000	1.000000	 0.934000	0.940336	0.954456	0.984000	 0.066000	 1.000000
0.111667	0.111667	1.000000	 0.933000	0.939432	0.953766	0.984000	 0.067000	 1.000000
0.113333	0.113333	1.000000	 0.932000	0.938528	0.953076	0.984000	 0.068000	 1.000000
0.115000	0.115000	1.000000	 0.931000	0.937624	0.952386	0.984000	 0.069000	 1.000000
0.116667	0.116667	1.000000	 0.930000	0.936720	0.951696	0.984000	 0.070000	 1.000000
0.118333	0.118333	1.000000	 0.929000	0.935816	0.951006	0.984000	 0.071000	 1.000000
0.120000	0.120000	1.000000	 0.928000	0.934912	0.950316	0.984000	 0.072000	 1.000000
0.121667	0.121667	1.000000	 0.927000	0.934008	0.949626	0.984000	 0.073000	 1.000000
0.123333	0.123333	1.000000	 0.926000	0.933104	0.948936	0.984000	 0.074000	 1.000000
0.125000	0.125000	1.000000	 0.925000	0.932200	0.948246	0.984000	 0.075000	 1.000000
0.126667	0.126667	1.000000	 0.924000	0.931296	0.947556	0.984000	 0.076000	 1.000000
0.128333	0.128333	1.000000	 0.923000	0.930392	0.946866	0.984000	 0.077000	 1.000000
0.130000	0.130000	1.000000	 0.922000	0.929488	0.946176	0.984000	 0.078000	 1.000000
0.131667	0.131667	1.000000	 0.921000	0.928584	0.945486	0.984000	 0.079000	 1.000000
0.133333	0.133333	1.000000	 0.920000	0.927680	0.944796	0.984000	 0.080000	 1.000000
0.135000	0.135000	1.000000	 0.919000	0.926776	0.944105	0.984000	 0.081000	 1.000000
0.136667	0.136667	1.000000	 0.918000	0.925872	0.943415	0.984000	 0.082000	 1.000000
0.138333	0.138333	1.000000	 0.917000	0.924968	0.942725	0.984000	 0.083000	 1.000000
0.140000	0.140000	1.000000	 0.916000	0.924064	0.942035	0.984000	 0.084000	 1.000000
0.141667	0.141667	1.000000	 0.915000	0.923160	0.941345	0.984000	 0.085000	 1.000000
0.143333	0.143333	1.000000	 0.914000	0.922256	0.940655	0.984000	 0.086000	 1.000000
0.145000	0.145000	1.000000	 0.913000	0.921352	0.939965	0.984000	 0.087000	 1.000000
0.146667	0.146667	1.000000	 0.912000	0.920448	0.939275	0.984000	 0.088000	 1.000000
0.148333	0.148333	1.000000	 0.911000	0.919544	0.938585	0.984000	 0.089000	 1.000000
0.150000	0.150000	1.000000	 0.910000	0.918640	0.937895	0.984000	 0.090000	 1.000000
0.151667	0.151667	1.000000	 0.909000	0.917736	0.937205	0.984000	 0.091000	 1.000000
0.153333	0.153333	1.000000	 0.908000	0.916832	0.936515	0.984000	 0.092000	 1.000000
0.155000	0.155000	1.000000	 0.907000	0.915928	0.935825	0.984000	 0.093000	 1.000000
0.156667	0.156667	1.000000	 0.906000	0.915024	0.935135	0.984000	 0.094000	 1.000000
0.158333	0.158333	1.000000	 0.905000	0.914120	0.934445	0.984000	 0.095000	 1.000000
0.160000	0.160000	1.000000	 0.904000	0.913216	0.933755	0.984000	 0.096000	 1.000000
0.161667	0.161667	1.000000	 0.903000	0.912312	0.933065	0.984000	 0.097000	 1.000000
0.163333	0.163333	1.000000	 0.902000	0.911408	0.932375	0.984000	 0.098000	 1.000000
0.165000	0.165000	1.000000	 0.901000	0.910504	0.931684	0.984000	 0.099000	 1.000000
0.166667	0.166667	1.000000	 0.900000	0.909600	0.930994	0.984000	 0.100000	 1.000000
0.168333	0.168333	1.000000	 0.899000	0.908696	0.930304	0.984000	 0.101000	 1.000000
0.170000	0.170000	1.000000	 0.898000	0.907792	0.929614	0.984000	 0.102000	 1.000000
0.171667	0.171667	1.000000	 0.897000	0.906888	0.928924	0.984000	 0.103000	 1.000000
0.173333	0.173333	1.000000	 0.896000	0.905984	0.928234	0.984000	 0.104000	 1.000000
0.175000	0.175000	1.000000	 0.895000	0.905080	0.927544	0.984000	 0.105000	 1.000000
0.176667	0.176667	1.000000	 0.894000	0.904176	0.926854	0.984000	 0.106000	 1.000000
0.178333	0.178333	1.000000	 0.893000	0.903272	0.926164	0.984000	 0.107000	 1.000000
0.180000	0.180000	1.000000	 0.892000	0.902368	0.925474	0.984000	 0.108000	 1.000000
0.181667	0.181667	1.000000	 0.891000	0.901464	0.924784	0.984000	 0.109000	 1.000000
0.183333	0.183333	1.000000	 0.890000	0.900560	0.924094	0.984000	 0.110000	 1.000000
0.185000	0.185000	1.000000	 0.889000	0.899656	0.923404	0.984000	 0.111000	 1.000000
0.186667	0.186667	1.000000	 0.888000	0.898752	0.922714	0.984000	 0.112000	 1.000000
0.188333	0.188333	1.000000	 0.887000	0.897848	0.922024	0.984000	 0.113000	 1.000000
0.190000	0.190000	1.000000	 0.886000	0.896944	0.921334	0.984000	 0.114000	 1.000000
0.191667	0.191667	1.000000	 0.885000	0.896040	0.920644	0.984000	 0.115000	 1.000000
0.193333	0.193333	1.000000	 0.884000	0.895136	0.919954	0.984000	 0.116000	 1.000000
0.195000	0.195000	1.000000	 0.883000	0.894232	0.919263	0.984000	 0.117000	 1.000000
0.196667	0.196667	1.000000	 0.882000	0.893328	0.918573	0.984000	 0.118000	 1.000000
0.198333	0.198333	1.000000	 0.881000	0.892424	0.917883	0.984000	 0.119000	 1.000000
0.200000	0.200000	1.000000	 0.880000	0.891520	0.917193	0.984000	 0.120000	 1.000000
0.201667	0.201667	1.000000	 0.879000	0.890616	0.916503	0.984000	 0.121000	 1.000000
0.203333	0.203333	1.000000	 0.878000	0.889712	0.915813	0.984000	 0.122000	 1.000000
0.205000	0.205000	1.000000	 0.877000	0.888808	0.915123	0.984000	 0.123000	 1.000000
0.206667	0.206667	1.000000	 0.876000	0.887904	0.914433	0.984000	 0.124000	 1.000000
0.208333	0.208333	1.000000	 0.875000	0.887000	0.913743	0.984000	 0.125000	 1.000000
0.210000	0.210000	1.000000	 0.874000	0.886096	0.913053	0.984000	 0.126000	 1.000000
0.211667	0.211667	1.000000	 0.873000	0.885192	0.912363	0.984000	 0.127000	 1.000000
0.213333	0.213333	1.000000	 0.872000	0.884288	0.911673	0.984000	 0.128000	 1.000000
0.215000	0.215000	1.000000	 0.871000	0.883384	0.910983	0.984000	 0.129000	 1.000000
0.216667	0.216667	1.000000	 0.870000	0.882480	0.910293	0.984000	 0.130000	 1.000000
0.218333	0.218333	1.000000	 0.869000	0.881576	0.909603	0.984000	 0.131000	 1.000000
0.220000	0.220000	1.000000	 0.868000	0.880672	0.908913	0.984000	 0.132000	 1.000000
0.221667	0.221667	1.000000	 0.867000	0.879768	0.908223	0.984000	 0.133000	 1.000000
0.223333	0.223333	1.000000	 0.866000	0.878864	0.907532	0.984000	 0.134000	 1.000000
0.225000	0.225000	1.000000	 0.865000	0.877960	0.906842	0.984000	 0.135000	 1.000000
0.226667	0.226667	1.000000	 0.864000	0.877056	0.906152	0.984000	 0.136000	 1.000000
0.228333	0.228333	1.000000	 0.863000	0.876152	0.905462	0.984000	 0.137000	 1.000000
0.230000	0.230000	1.000000	 0.862000	0.875248	0.904772	0.984000	 0.138000	 1.000000
0.231667	0.231667	1.000000	 0.861000	0.874344	0.904082	0.984000	 0.139000	 1.000000
0.233333	0.233333	1.000000	 0.860000	0.873440	0.903392	0.984000	 0.140000	 1.000000
0.235000	0.235000	1.000000	 0.859000	0.872536	0.902702	0.984000	 0.141000	 1.000000
0.236667	0.236667	1.000000	 0.858000	0.871632	0.902012	0.984000	 0.142000	 1.000000
0.238333	0.238333	1.000000	 0.857000	0.870728	0.901322	0.984000	 0.143000	 1.000000
0.240000	0.240000	1.000000	 0.856000	0.869824	0.900632	0.984000	 0.144000	 1.000000
0.241667	0.241667	1.000000	 0.855000	0.868920	0.899942	0.984000	 0.145000	 1.000000
0.243333	0.243333	1.000000	 0.854000	0.868016	0.899252	0.984000	 0.146000	 1.000000
0.245000	0.245000	1.000000	 0.853000	0.867112	0.898562	0.984000	 0.147000	 1.000000
0.246667	0.246667	1.000000	 0.852000	0.866208	0.897872	0.984000	 0.148000	 1.000000
0.248333	0.248333	1.000000	 0.851000	0.865304	0.897182	0.984000	 0.149000	 1.000000
0.250000	0.250000	1.000000	 0.850000	0.864400	0.896492	0.984000	 0.150000	 1.000000
0.251667	0.251667	1.000000	 0.849000	0.863496	0.895802	0.984000	 0.151000	 1.000000
0.253333	0.253333	1.000000	 0.848000	0.862592	0.895111	0.984000	 0.152000	 1.000000
0.255000	0.255000	1.000000	 0.847000	0.861688	0.894421	0.984000	 0.153000	 1.000000
0.256667	0.256667	1.000000	 0.846000	0.860784	0.893731	0.984000	 0.154000	 1.000000
0.258333	0.258333	1.000000	 0.845000	0.859880	0.893041	0.984000	 0.155000	 1.000000
0.260000	0.260000	1.000000	 0.844000	0.858976	0.892351	0.984000	 0.156000	 1.000000
0.261667	0.261667	1.000000	 0.843000	0.858072	0.891661	0.984000	 0.157000	 1.000000
0.263333	0.263333	1.000000	 0.842000	0.857168	0.890971	0.984000	 0.158000	 1.000000
0.265000	0.265000	1.000000	 0.841000	0.856264	0.890281	0.984000	 0.159000	 1.000000
0.266667	0.266667	1.000000	 0.840000	0.855360	0.889591	0.984000	 0.160000	 1.000000
0.268333	0.268333	1.000000	 0.839000	0.854456	0.888901	0.984000	 0.161000	 1.000000
0.270000	0.270000	1.000000	 0.838000	0.853552	0.888211	0.984000	 0.162000	 1.000000
0.271667	0.271667	1.000000	 0.837000	0.852648	0.887521	0.984000	 0.163000	 1.000000
0.273333	0.273333	1.000000	 0.836000	0.851744	0.886831	0.984000	 0.164000	 1.000000
0.275000	0.275000	1.000000	 0.835000	0.850840	0.886141	0.984000	 0.165000	 1.000000
0.276667	0.276667	1.000000	 0.834000	0.849936	0.885451	0.984000	 0.166000	 1.000000
0.278333	0.278333	1.000000	 0.833000	0.849032	0.884761	0.984000	 0.167000	 1.000000
0.280000	0.280000	1.000000	 0.832000	0.848128	0.884071	0.984000	 0.168000	 1.000000
0.281667	0.281667	1.000000	 0.831000	0.847224	0.883381	0.984000	 0.169000	 1.000000
0.283333	0.283333	1.000000	 0.830000	0.846320	0.882690	0.984000	 0.170000	 1.000000
0.285000	0.285000	1.000000	 0.829000	0.845416	0.882000	0.984000	 0.171000	 1.000000
0.286667	0.286667	1.000000	 0.828000	0.844512	0.881310	0.984000	 0.172000	 1.000000
0.288333	0.288333	1.000000	 0.827000	0.843608	0.880620	0.984000	 0.173000	 1.000000
0.290000	0.290000	1.000000	 0.826000	0.842704	0.879930	0.984000	 0.174000	 1.000000
0.291667	0.291667	1.000000	 0.825000	0.841800	0.879240	0.984000	 0.175000	 1.000000
0.293333	0.293333	1.000000	 0.824000	0.840896	0.878550	0.984000	 0.176000	 1.000000
0.295000	0.295000	1.000000	 0.823000	0.839992	0.877860	0.984000	 0.177000	 1.000000
0.296667	0.296667	1.000000	 0.822000	0.839088	0.877170	0.984000	 0.178000	 1.000000
0.298333	0.298333	1.000000	 0.821000	0.838184	0.876480	0.984000	 0.179000	 1.000000
0.300000	0.300000	1.000000	 0.820000	0.837280	0.875790	0.984000	 0.180000	 1.000000
0.301667	0.301667	1.000000	 0.819000	0.836376	0.875100	0.984000	 0.181000	 1.000000
0.303333	0.303333	1.000000	 0.818000	0.835472	0.874410	0.984000	 0.182000	 1.000000
0.305000	0.305000	1.000000	 0.817000	0.834568	0.873720	0.984000	 0.183000	 1.000000
0.306667	0.306667	1.000000	 0.816000	0.833664	0.873030	0.984000	 0.184000	 1.000000
0.308333	0.308333	1.000000	 0.815000	0.832760	0.872340	0.984000	 0.185000	 1.000000
0.310000	0.310000	1.000000	 0.814000	0.831856	0.871650	0.984000	 0.186000	 1.000000
0.311667	0.311667	1.000000	 0.813000	0.830952	0.870960	0.984000	 0.187000	 1.000000
0.313333	0.313333	1.000000	 0.812000	0.830048	0.870269	0.984000	 0.188000	 1.000000
0.315000	0.315000	1.000000	 0.811000	0.829144	0.869579	0.984000	 0.189000	 1.000000
0.316667	0.316667	1.000000	 0.810000	0.828240	0.868889	0.984000	 0.190000	 1.000000
0.318333	0.318333	1.000000	 0.809000	0.827336	0.868199	0.984000	 0.191000	 1.000000
0.320000	0.320000	1.000000	 0.808000	0.826432	0.867509	0.984000	 0.192000	 1.000000
0.321667	0.321667	1.000000	 0.807000	0.825528	0.866819	0.984000	 0.193000	 1.000000
0.323333	0.323333	1.000000	 0.806000	0.824624	0.866129	0.984000	 0.194000	 1.000000
0.325000	0.325000	1.000000	 0.805000	0.823720	0.865439	0.984000	 0.195000	 1.000000
0.326667	0.326667	1.000000	 0.804000	0.822816	0.864749	0.984000	 0.196000	 1.000000
0.328333	0.328333	1.000000	 0.803000	0.821912	0.864059	0.984000	 0.197000	 1.000000
0.330000	0.330000	1.000000	 0.802000	0.821008	0.863369	0.984000	 0.198000	 1.000000
0.331667	0.331667	1.000000	 0.801000	0.820104	0.862679	0.984000	 0.199000	 1.000000
0.333333	0.333333	1.000000	 0.800000	0.819200	0.861989	0.984000	 0.200000	 1.000000
0.335000	0.335000	1.000000	 0.799000	0.818296	0.861299	0.984000	 0.201000	 1.000000
0.336667	0.336667	1.000000	 0.798000	0.817392	0.860609	0.984000	 0.202000	 1.000000
0.338333	0.338333	1.000000	 0.797000	0.816488	0.859919	0.984000	 0.203000	 1.000000
0.340000	0.340000	1.000000	 0.796000	0.815584	0.859229	0.984000	 0.204000	 1.000000
0.341667	0.341667	1.000000	 0.795000	0.814680	0.858539	0.984000	 0.205000	 1.000000
0.343333	0.343333	1.000000	 0.794000	0.813776	0.857848	0.984000	 0.206000	 1.000000
0.345000	0.345000	1.000000	 0.793000	0.812872	0.857158	0.984000	 0.207000	 1.000000
0.346667	0.346667	1.000000	 0.792000	0.811968	0.856468	0.984000	 0.208000	 1.000000
0.348333	0.348333	1.000000	 0.791000	0.811064	0.855778	0.984000	 0.209000	 1.000000
0.350000	0.350000	1.000000	 0.790000	0.810160	0.855088	0.984000	 0.210000	 1.000000
0.351667	0.351667	1.000000	 0.789000	0.809256	0.854398	0.984000	 0.211000	 1.000000
0.353333	0.353333	1.000000	 0.788000	0.808352	0.853708	0.984000	 0.212000	 1.000000
0.355000	0.355000	1.000000	 0.787000	0.807448	0.853018	0.984000	 0.213000	 1.000000
0.356667	0.356667	1.000000	 0.786000	0.806544	0.852328	0.984000	 0.214000	 1.000000
0.358333	0.358333	1.000000	 0.785000	0.805640	0.851638	0.984000	 0.215000	 1.000000
0.360000	0.360000	1.000000	 0.784000	0.804736	0.850948	0.984000	 0.216000	 1.000000
0.361667	0.361667	1.000000	 0.783000	0.803832	0.850258	0.984000	 0.217000	 1.000000
0.363333	0.363333	1.000000	 0.782000	0.802928	0.849568	0.984000	 0.218000	 1.000000
0.365000	0.365000	1.000000	 0.781000	0.802024	0.848878	0.984000	 0.219000	 1.000000
0.366667	0.366667	1.000000	 0.780000	0.801120	0.848188	0.984000	 0.220000	 1.000000
0.368333	0.368333	1.000000	 0.779000	0.800216	0.847498	0.984000	 0.221000	 1.000000
0.370000	0.370000	1.000000	 0.778000	0.799312	0.846808	0.984000	 0.222000	 1.000000
0.371667	0.371667	1.000000	 0.777000	0.798408	0.846118	0.984000	 0.223000	 1.000000
0.373333	0.373333	1.000000	 0.776000	0.797504	0.845427	0.984000	 0.224000	 1.000000
0.375000	0.375000	1.000000	 0.775000	0.796600	0.844737	0.984000	 0.225000	 1.000000
0.376667	0.376667	1.000000	 0.774000	0.795696	0.844047	0.984000	 0.226000	 1.000000
0.378333	0.378333	1.000000	 0.773000	0.794792	0.843357	0.984000	 0.227000	 1.000000
0.380000	0.380000	1.000000	 0.772000	0.793888	0.842667	0.984000	 0.228000	 1.000000
0.381667	0.381667	1.000000	 0.771000	0.792984	0.841977	0.984000	 0.229000	 1.000000
0.383333	0.383333	1.000000	 0.770000	0.792080	0.841287	0.984000	 0.230000	 1.000000
0.385000	0.385000	1.000000	 0.769000	0.791176	0.840597	0.984000	 0.231000	 1.000000
0.386667	0.386667	1.000000	 0.768000	0.790272	0.839907	0.984000	 0.232000	 1.000000
0.388333	0.388333	1.000000	 0.767000	0.789368	0.839217	0.984000	 0.233000	 1.000000
0.390000	0.390000	1.000000	 0.766000	0.788464	0.838527	0.984000	 0.234000	 1.000000
0.391667	0.391667	1.000000	 0.765000	0.787560	0.837837	0.984000	 0.235000	 1.000000
0.393333	0.393333	1.000000	 0.764000	0.786656	0.837147	0.984000	 0.236000	 1.000000
0.395000	0.395000	1.000000	 0.763000	0.785752	0.836457	0.984000	 0.237000	 1.000000
0.396667	0.396667	1.000000	 0.762000	0.784848	0.835767	0.984000	 0.238000	 1.000000
0.398333	0.398333	1.000000	 0.761000	0.783944	0.835077	0.984000	 0.239000	 1.000000
0.400000	0.400000	1.000000	 0.760000	0.783040	0.834387	0.984000	 0.240000	 1.000000
0.401667	0.401667	1.000000	 0.759000	0.782136	0.833697	0.984000	 0.241000	 1.000000
0.403333	0.403333	1.000000	 0.758000	0.781232	0.833006	0.984000	 0.242000	 1.000000
0.405000	0.405000	1.000000	 0.757000	0.780328	0.832316	0.984000	 0.243000	 1.000000
0.406667	0.406667	1.000000	 0.756000	0.779424	0.831626	0.984000	 0.244000	 1.000000
0.408333	0.408333	1.000000	 0.755000	0.778520	0.830936	0.984000	 0.245000	 1.000000
0.410000	0.410000	1.000000	 0.754000	0.777616	0.830246	0.984000	 0.246000	 1.000000
0.411667	0.411667	1.000000	 0.753000	0.776712	0.829556	0.984000	 0.247000	 1.000000
0.413333	0.413333	1.000000	 0.752000	0.775808	0.828866	0.984000	 0.248000	 1.000000
0.415000	0.415000	1.000000	 0.751000	0.774904	0.828176	0.984000	 0.249000	 1.000000
0.416667	0.416667	1.000000	 0.750000	0.774000	0.827486	0.984000	 0.250000	 1.000000
0.418333	0.418333	1.000000	 0.749000	0.773096	0.826796	0.984000	 0.251000	 1.000000
0.420000	0.420000	1.000000	 0.748000	0.772192	0.826106	0.984000	 0.252000	 1.000000
0.421667	0.421667	1.000000	 0.747000	0.771288	0.825416	0.984000	 0.253000	 1.000000
0.423333	0.423333	1.000000	 0.746000	0.770384	0.824726	0.984000	 0.254000	 1.000000
0.425000	0.425000	1.000000	 0.745000	0.769480	0.824036	0.984000	 0.255000	 1.000000
0.426667	0.426667	1.000000	 0.744000	0.768576	0.823346	0.984000	 0.256000	 1.000000
0.428333	0.428333	1.000000	 0.743000	0.767672	0.822656	0.984000	 0.257000	 1.000000
0.430000	0.430000	1.000000	 0.742000	0.766768	0.821966	0.984000	 0.258000	 1.000000
0.431667	0.431667	1.000000	 0.741000	0.765864	0.821275	0.984000	 0.259000	 1.000000
0.433333	0.433333	1.000000	 0.740000	0.764960	0.820585	0.984000	 0.260000	 1.000000
0.435000	0.435000	1.000000	 0.739000	0.764056	0.819895	0.984000	 0.261000	 1.000000
0.436667	0.436667	1.000000	 0.738000	0.763152	0.819205	0.984000	 0.262000	 1.000000
0.438333	0.438333	1.000000	 0.737000	0.762248	0.818515	0.984000	 0.263000	 1.000000
0.440000	0.440000	1.000000	 0.736000	0.761344	0.817825	0.984000	 0.264000	 1.000000
0.441667	0.441667	1.000000	 0.735000	0.760440	0.817135	0.984000	 0.265000	 1.000000
0.443333	0.443333	1.000000	 0.734000	0.759536	0.816445	0.984000	 0.266000	 1.000000
0.445000	0.445000	1.000000	 0.733000	0.758632	0.815755	0.984000	 0.267000	 1.000000
0.446667	0.446667	1.000000	 0.732000	0.757728	0.815065	0.984000	 0.268000	 1.000000
0.448333	0.448333	1.000000	 0.731000	0.756824	0.814375	0.984000	 0.269000	 1.000000
0.450000	0.450000	1.000000	 0.730000	0.755920	0.813685	0.984000	 0.270000	 1.000000
0.451667	0.451667	1.000000	 0.729000	0.755016	0.812995	0.984000	 0.271000	 1.000000
0.453333	0.453333	1.000000	 0.728000	0.754112	0.812305	0.984000	 0.272000	 1.000000
0.455000	0.455000	1.000000	 0.727000	0.753208	0.811615	0.984000	 0.273000	 1.000000
0.456667	0.456667	1.000000	 0.726000	0.752304	0.810925	0.984000	 0.274000	 1.000000
0.458333	0.458333	1.000000	 0.725000	0.751400	0.810235	0.984000	 0.275000	 1.000000
0.460000	0.460000	1.000000	 0.724000	0.750496	0.809545	0.984000	 0.276000	 1.000000
0.461667	0.461667	1.000000	 0.723000	0.749592	0.808854	0.984000	 0.277000	 1.000000
0.463333	0.463333	1.000000	 0.722000	0.748688	0.808164	0.984000	 0.278000	 1.000000
0.465000	0.465000	1.000000	 0.721000	0.747784	0.807474	0.984000	 0.279000	 1.000000
0.466667	0.466667	1.000000	 0.720000	0.746880	0.806784	0.984000	 0.280000	 1.000000
0.468333	0.468333	1.000000	 0.719000	0.745976	0.806094	0.984000	 0.281000	 1.000000
0.470000	0.470000	1.000000	 0.718000	0.745072	0.805404	0.984000	 0.282000	 1.000000
0.471667	0.471667	1.000000	 0.717000	0.744168	0.804714	0.984000	 0.283000	 1.000000
0.473333	0.473333	1.000000	 0.716000	0.743264	0.804024	0.984000	 0.284000	 1.000000
0.475000	0.475000	1.000000	 0.715000	0.742360	0.803334	0.984000	 0.285000	 1.000000
0.476667	0.476667	1.000000	 0.714000	0.741456	0.802644	0.984000	 0.286000	 1.000000
0.478333	0.478333	1.000000	 0.713000	0.740552	0.801954	0.984000	 0.287000	 1.000000
0.480000	0.480000	1.000000	 0.712000	0.739648	0.801264	0.984000	 0.288000	 1.000000
0.481667	0.481667	1.000000	 0.711000	0.738744	0.800574	0.984000	 0.289000	 1.000000
0.483333	0.483333	1.000000	 0.710000	0.737840	0.799884	0.984000	 0.290000	 1.000000
0.485000	0.485000	1.000000	 0.709000	0.736936	0.799194	0.984000	 0.291000	 1.000000
0.486667	0.486667	1.000000	 0.708000	0.736032	0.798504	0.984000	 0.292000	 1.000000
0.488333	0.488333	1.000000	 0.707000	0.735128	0.797814	0.984000	 0.293000	 1.000000
0.490000	0.490000	1.000000	 0.706000	0.734224	0.797124	0.984000	 0.294000	 1.000000
0.491667	0.491667	1.000000	 0.705000	0.733320	0.796433	0.984000	 0.295000	 1.000000
0.493333	0.493333	1.000000	 0.704000	0.732416	0.795743	0.984000	 0.296000	 1.000000
0.495000	0.495000	1.000000	 0.703000	0.731512	0.795053	0.984000	 0.297000	 1.000000
0.496667	0.496667	1.000000	 0.702000	0.730608	0.794363	0.984000	 0.298000	 1.000000
0.498333	0.498333	1.000000	 0.701000	0.729704	0.793673	0.984000	 0.299000	 1.000000
0.500000	0.500000	1.000000	 0.700000	0.728800	0.792983	0.984000	 0.300000	 1.000000
0.501667	0.501667	1.000000	 0.699000	0.727896	0.792293	0.984000	 0.301000	 1.000000
0.503333	0.503333	1.000000	 0.698000	0.726992	0.791603	0.984000	 0.302000	 1.000000
0.505000	0.505000	1.000000	 0.697000	0.726088	0.790913	0.984000	 0.303000	 1.000000
0.506667	0.506667	1.000000	 0.696000	0.725184	0.790223	0.984000	 0.304000	 1.000000
0.508333	0.508333	1.000000	 0.695000	0.724280	0.789533	0.984000	 0.305000	 1.000000
0.510000	0.510000	1.000000	 0.694000	0.723376	0.788843	0.984000	 0.306000	 1.000000
0.511667	0.511667	1.000000	 0.693000	0.722472	0.788153	0.984000	 0.307000	 1.000000
0.513333	0.513333	1.000000	 0.692000	0.721568	0.787463	0.984000	 0.308000	 1.000000
0.515000	0.515000	1.000000	 0.691000	0.720664	0.786773	0.984000	 0.309000	 1.000000
0.516667	0.516667	1.000000	 0.690000	0.719760	0.786083	0.984000	 0.310000	 1.000000
0.518333	0.518333	1.000000	 0.689000	0.718856	0.785393	0.984000	 0.311000	 1.000000
0.520000	0.520000	1.000000	 0.688000	0.717952	0.784703	0.984000	 0.312000	 1.000000
0.521667	0.521667	1.000000	 0.687000	0.717048	0.784012	0.984000	 0.313000	 1.000000
0.523333	0.523333	1.000000	 0.686000	0.716144	0.783322	0.984000	 0.314000	 1.000000
0.525000	0.525000	1.000000	 0.685000	0.715240	0.782632	0.984000	 0.315000	 1.000000
0.526667	0.526667	1.000000	 0.684000	0.714336	0.781942	0.984000	 0.316000	 1.000000
0.528333	0.528333	1.000000	 0.683000	0.713432	0.781252	0.984000	 0.317000	 1.000000
0.530000	0.530000	1.000000	 0.682000	0.712528	0.780562	0.984000	 0.318000	 1.000000
0.531667	0.531667	1.000000	 0.681000	0.711624	0.779872	0.984000	 0.319000	 1.000000
0.533333	0.533333	1.000000	 0.680000	0.710720	0.779182	0.984000	 0.320000	 1.000000
0.535000	0.535000	1.000000	 0.679000	0.709816	0.778492	0.984000	 0.321000	 1.000000
0.536667	0.536667	1.000000	 0.678000	0.708912	0.777802	0.984000	 0.322000	 1.000000
0.538333	0.538333	1.000000	 0.677000	0.708008	0.777112	0.984000	 0.323000	 1.000000
0.540000	0.540000	1.000000	 0.676000	0.707104	0.776422	0.984000	 0.324000	 1.000000
0.541667	0.541667	1.000000	 0.675000	0.706200	0.775732	0.984000	 0.325000	 1.000000
0.543333	0.543333	1.000000	 0.674000	0.705296	0.775042	0.984000	 0.326000	 1.000000
0.545000	0.545000	1.000000	 0.673000	0.704392	0.774352	0.984000	 0.327000	 1.000000
0.546667	0.546667	1.000000	 0.672000	0.703488	0.773662	0.984000	 0.328000	 1.000000
0.548333	0.548333	1.000000	 0.671000	0.702584	0.772972	0.984000	 0.329000	 1.000000
0.550000	0.550000	1.000000	 0.670000	0.701680	0.772282	0.984000	 0.330000	 1.000000
0.551667	0.551667	1.000000	 0.669000	0.700776	0.771591	0.984000	 0.331000	 1.000000
0.553333	0.553333	1.000000	 0.668000	0.699872	0.770901	0.984000	 0.332000	 1.000000
0.555000	0.555000	1.000000	 0.667000	0.698968	0.770211	0.984000	 0.333000	 1.000000
0.556667	0.556667	1.000000	 0.666000	0.698064	0.769521	0.984000	 0.334000	 1.000000
0.558333	0.558333	1.000000	 0.665000	0.697160	0.768831	0.984000	 0.335000	 1.000000
0.560000	0.560000	1.000000	 0.664000	0.696256	0.768141	0.984000	 0.336000	 1.000000
0.561667	0.561667	1.000000	 0.663000	0.695352	0.767451	0.984000	 0.337000	 1.000000
0.563333	0.563333	1.000000	 0.662000	0.694448	0.766761	0.984000	 0.338000	 1.000000
0.565000	0.565000	1.000000	 0.661000	0.693544	0.766071	0.984000	 0.339000	 1.000000
0.566667	0.566667	1.000000	 0.660000	0.692640	0.765381	0.984000	 0.340000	 1.000000
0.568333	0.568333	1.000000	 0.659000	0.691736	0.764691	0.984000	 0.341000	 1.000000
0.570000	0.570000	1.000000	 0.658000	0.690832	0.764001	0.984000	 0.342000	 1.000000
0.571667	0.571667	1.000000	 0.657000	0.689928	0.763311	0.984000	 0.343000	 1.000000
0.573333	0.573333	1.000000	 0.656000	0.689024	0.762621	0.984000	 0.344000	 1.000000
0.575000	0.575000	1.000000	 0.655000	0.688120	0.761931	0.984000	 0.345000	 1.000000
0.576667	0.576667	1.000000	 0.654000	0.687216	0.761241	0.984000	 0.346000	 1.000000
0.578333	0.578333	1.000000	 0.653000	0.686312	0.760551	0.984000	 0.347000	 1.000000
0.580000	0.580000	1.000000	 0.652000	0.685408	0.759861	0.984000	 0.348000	 1.000000
0.581667	0.581667	1.000000	 0.651000	0.684504	0.759170	0.984000	 0.349000	 1.000000
0.583333	0.583333	1.000000	 0.650000	0.683600	0.758480	0.984000	 0.350000	 1.000000
0.585000	0.585000	1.000000	 0.649000	0.682696	0.757790	0.984000	 0.351000	 1.000000
0.586667	0.586667	1.000000	 0.648000	0.681792	0.757100	0.984000	 0.352000	 1.000000
0.588333	0.588333	1.000000	 0.647000	0.680888	0.756410	0.984000	 0.353000	 1.000000
0.590000	0.590000	1.000000	 0.646000	0.679984	0.755720	0.984000	 0.354000	 1.000000
0.591667	0.591667	1.000000	 0.645000	0.679080	0.755030	0.984000	 0.355000	 1.000000
0.593333	0.593333	1.000000	 0.644000	0.678176	0.754340	0.984000	 0.356000	 1.000000
0.595000	0.595000	1.000000	 0.643000	0.677272	0.753650	0.984000	 0.357000	 1.000000
0.596667	0.596667	1.000000	 0.642000	0.676368	0.752960	0.984000	 0.358000	 1.000000
0.598333	0.598333	1.000000	 0.641000	0.675464	0.752270	0.984000	 0.359000	 1.000000
0.600000	0.600000	1.000000	 0.640000	0.674560	0.751580	0.984000	 0.360000	 1.000000
0.601667	0.601667	1.000000	 0.639000	0.673656	0.750890	0.984000	 0.361000	 1.000000
0.603333	0.603333	1.000000	 0.638000	0.672752	0.750200	0.984000	 0.362000	 1.000000
0.605000	0.605000	1.000000	 0.637000	0.671848	0.749510	0.984000	 0.363000	 1.000000
0.606667	0.606667	1.000000	 0.636000	0.670944	0.748820	0.984000	 0.364000	 1.000000
0.608333	0.608333	1.000000	 0.635000	0.670040	0.748130	0.984000	 0.365000	 1.000000
0.610000	0.610000	1.000000	 0.634000	0.669136	0.747440	0.984000	 0.366000	 1.000000
0.611667	0.611667	1.000000	 0.633000	0.668232	0.746749	0.984000	 0.367000	 1.000000
0.613333	0.613333	1.000000	 0.632000	0.667328	0.746059	0.984000	 0.368000	 1.000000
0.615000	0.615000	1.000000	 0.631000	0.666424	0.745369	0.984000	 0.369000	 1.000000
0.616667	0.616667	1.000000	 0.630000	0.665520	0.744679	0.984000	 0.370000	 1.000000
0.618333	0.618333	1.000000	 0.629000	0.664616	0.743989	0.984000	 0.371000	 1.000000
0.620000	0.620000	1.000000	 0.628000	0.663712	0.743299	0.984000	 0.372000	 1.000000
0.621667	0.621667	1.000000	 0.627000	0.662808	0.742609	0.984000	 0.373000	 1.000000
0.623333	0.623333	1.000000	 0.626000	0.661904	0.741919	0.984000	 0.374000	 1.000000
0.625000	0.625000	1.000000	 0.625000	0.661000	0.741229	0.984000	 0.375000	 1.000000
0.626667	0.626667	1.000000	 0.624000	0.660096	0.740539	0.984000	 0.376000	 1.000000
0.628333	0.628333	1.000000	 0.623000	0.659192	0.739849	0.984000	 0.377000	 1.000000
0.630000	0.630000	1.000000	 0.622000	0.658288	0.739159	0.984000	 0.378000	 1.000000
0.631667	0.631667	1.000000	 0.621000	0.657384	0.738469	0.984000	 0.379000	 1.000000
0.633333	0.633333	1.000000	 0.620000	0.656480	0.737779	0.984000	 0.380000	 1.000000
0.635000	0.635000	1.000000	 0.619000	0.655576	0.737089	0.984000	 0.381000	 1.000000
0.636667	0.636667	1.000000	 0.618000	0.654672	0.736399	0.984000	 0.382000	 1.000000
0.638333	0.638333	1.000000	 0.617000	0.653768	0.735709	0.984000	 0.383000	 1.000000
0.640000	0.640000	1.000000	 0.616000	0.652864	0.735018	0.984000	 0.384000	 1.000000
0.641667	0.641667	1.000000	 0.615000	0.651960	0.734328	0.984000	 0.385000	 1.000000
0.643333	0.643333	1.000000	 0.614000	0.651056	0.733638	0.984000	 0.386000	 1.000000
0.645000	0.645000	1.000000	 0.613000	0.650152	0.732948	0.984000	 0.387000	 1.000000
0.646667	0.646667	1.000000	 0.612000	0.649248	0.732258	0.984000	 0.388000	 1.000000
0.648333	0.648333	1.000000	 0.611000	0.648344	0.731568	0.984000	 0.389000	 1.000000
0.650000	0.650000	1.000000	 0.610000	0.647440	0.730878	0.984000	 0.390000	 1.000000
0.651667	0.651667	1.000000	 0.609000	0.646536	0.730188	0.984000	 0.391000	 1.000000
0.653333	0.653333	1.000000	 0.608000	0.645632	0.729498	0.984000	 0.392000	 1.000000
0.655000	0.655000	1.000000	 0.607000	0.644728	0.728808	0.984000	 0.393000	 1.000000
0.656667	0.656667	1.000000	 0.606000	0.643824	0.728118	0.984000	 0.394000	 1.000000
0.658333	0.658333	1.000000	 0.605000	0.642920	0.727428	0.984000	 0.395000	 1.000000
0.660000	0.660000	1.000000	 0.604000	0.642016	0.726738	0.984000	 0.396000	 1.000000
0.661667	0.661667	1.000000	 0.603000	0.641112	0.726048	0.984000	 0.397000	 1.000000
0.663333	0.663333	1.000000	 0.602000	0.640208	0.725358	0.984000	 0.398000	 1.000000
0.665000	0.665000	1.000000	 0.601000	0.639304	0.724668	0.984000	 0.399000	 1.000000
0.666667	0.666667	1.000000	 0.600000	0.638400	0.723978	0.984000	 0.400000	 1.000000
0.668333	0.668333	1.000000	 0.599000	0.637496	0.723288	0.984000	 0.401000	 1.000000
0.670000	0.670000	1.000000	 0.598000	0.636592	0.722597	0.984000	 0.402000	 1.000000
0.671667	0.671667	1.000000	 0.597000	0.635688	0.721907	0.984000	 0.403000	 1.000000
0.673333	0.673333	1.000000	 0.596000	0.634784	0.721217	0.984000	 0.404000	 1.000000
0.675000	0.675000	1.000000	 0.595000	0.633880	0.720527	0.984000	 0.405000	 1.000000
0.676667	0.676667	1.000000	 0.594000	0.632976	0.719837	0.984000	 0.406000	 1.000000
0.678333	0.678333	1.000000	 0.593000	0.632072	0.719147	0.984000	 0.407000	 1.000000
0.680000	0.680000	1.000000	 0.592000	0.631168	0.718457	0.984000	 0.408000	 1.000000
0.681667	0.681667	1.000000	 0.591000	0.630264	0.717767	0.984000	 0.409000	 1.000000
0.683333	0.683333	1.000000	 0.590000	0.629360	0.717077	0.984000	 0.410000	 1.000000
0.685000	0.685000	1.000000	 0.589000	0.628456	0.716387	0.984000	 0.411000	 1.000000
0.686667	0.686667	1.000000	 0.588000	0.627552	0.715697	0.984000	 0.412000	 1.000000
0.688333	0.688333	1.000000	 0.587000	0.626648	0.715007	0.984000	 0.413000	 1.000000
0.690000	0.690000	1.000000	 0.586000	0.625744	0.714317	0.984000	 0.414000	 1.000000
0.691667	0.691667	1.000000	 0.585000	0.624840	0.713627	0.984000	 0.415000	 1.000000
0.693333	0.693333	1.000000	 0.584000	0.623936	0.712937	0.984000	 0.416000	 1.000000
0.695000	0.695000	1.000000	 0.583000	0.623032	0.712247	0.984000	 0.417000	 1.000000
0.696667	0.696667	1.000000	 0.582000	0.622128	0.711557	0.984000	 0.418000	 1.000000
0.698333	0.698333	1.000000	 0.581000	0.621224	0.710867	0.984000	 0.419000	 1.000000
0.700000	0.700000	1.000000	 0.580000	0.620320	0.710176	0.984000	 0.420000	 1.000000
0.701667	0.701667	1.000000	 0.579000	0.619416	0.709486	0.984000	 0.421000	 1.000000
0.703333	0.703333	1.000000	 0.578000	0.618512	0.708796	0.984000	 0.422000	 1.000000
0.705000	0.705000	1.000000	 0.577000	0.617608	0.708106	0.984000	 0.423000	 1.000000
0.706667	0.706667	1.000000	 0.576000	0.616704	0.707416	0.984000	 0.424000	 1.000000
0.708333	0.708333	1.000000	 0.575000	0.615800	0.706726	0.984000	 0.425000	 1.000000
0.710000	0.710000	1.000000	 0.574000	0.614896	0.706036	0.984000	 0.426000	 1.000000
0.711667	0.711667	1.000000	 0.573000	0.613992	0.705346	0.984000	 0.427000	 1.000000
0.713333	0.713333	1.000000	 0.572000	0.613088	0.704656	0.984000	 0.428000	 1.000000
0.715000	0.715000	1.000000	 0.571000	0.612184	0.703966	0.984000	 0.429000	 1.000000
0.716667	0.716667	1.000000	 0.570000	0.611280	0.703276	0.984000	 0.430000	 1.000000
0.718333	0.718333	1.000000	 0.569000	0.610376	0.702586	0.984000	 0.431000	 1.000000
0.720000	0.720000	1.000000	 0.568000	0.609472	0.701896	0.984000	 0.432000	 1.000000
0.721667	0.721667	1.000000	 0.567000	0.608568	0.701206	0.984000	 0.433000	 1.000000
0.723333	0.723333	1.000000	 0.566000	0.607664	0.700516	0.984000	 0.434000	 1.000000
0.725000	0.725000	1.000000	 0.565000	0.606760	0.699826	0.984000	 0.435000	 1.000000
0.726667	0.726667	1.000000	 0.564000	0.605856	0.699136	0.984000	 0.436000	 1.000000
0.728333	0.728333	1.000000	 0.563000	0.604952	0.698446	0.984000	 0.437000	 1.000000
0.730000	0.730000	1.000000	 0.562000	0.604048	0.697755	0.984000	 0.438000	 1.000000
0.731667	0.731667	1.000000	 0.561000	0.603144	0.697065	0.984000	 0.439000	 1.000000
0.733333	0.733333	1.000000	 0.560000	0.602240	0.696375	0.984000	 0.440000	 1.000000
0.735000	0.735000	1.000000	 0.559000	0.601336	0.695685	0.984000	 0.441000	 1.000000
0.736667	0.736667	1.000000	 0.558000	0.600432	0.694995	0.984000	 0.442000	 1.000000
0.738333	0.738333	1.000000	 0.557000	0.599528	0.694305	0.984000	 0.443000	 1.000000
0.740000	0.740000	1.000000	 0.556000	0.598624	0.693615	0.984000	 0.444000	 1.000000
0.741667	0.741667	1.000000	 0.555000	0.597720	0.692925	0.984000	 0.445000	 1.000000
0.743333	0.743333	1.000000	 0.554000	0.596816	0.692235	0.984000	 0.446000	 1.000000
0.745000	0.745000	1.000000	 0.553000	0.595912	0.691545	0.984000	 0.447000	 1.000000
0.746667	0.746667	1.000000	 0.552000	0.595008	0.690855	0.984000	 0.448000	 1.000000
0.748333	0.748333	1.000000	 0.551000	0.594104	0.690165	0.984000	 0.449000	 1.000000
0.750000	0.750000	1.000000	 0.550000	0.593200	0.689475	0.984000	 0.450000	 1.000000
0.751667	0.751667	1.000000	 0.549000	0.592296	0.688785	0.984000	 0.451000	 1.000000
0.753333	0.753333	1.000000	 0.548000	0.591392	0.688095	0.984000	 0.452000	 1.000000
0.755000	0.755000	1.000000	 0.547000	0.590488	0.687405	0.984000	 0.453000	 1.000000
0.756667	0.756667	1.000000	 0.546000	0.589584	0.686715	0.984000	 0.454000	 1.000000
0.758333	0.758333	1.000000	 0.545000	0.588680	0.686025	0.984000	 0.455000	 1.000000
0.760000	0.760000	1.000000	 0.544000	0.587776	0.685334	0.984000	 0.456000	 1.000000
0.761667	0.761667	1.000000	 0.543000	0.586872	0.684644	0.984000	 0.457000	 1.000000
0.763333	0.763333	1.000000	 0.542000	0.585968	0.683954	0.984000	 0.458000	 1.000000
0.765000	0.765000	1.000000	 0.541000	0.585064	0.683264	0.984000	 0.459000	 1.000000
0.766667	0.766667	1.000000	 0.540000	0.584160	0.682574	0.984000	 0.460000	 1.000000
0.768333	0.768333	1.000000	 0.539000	0.583256	0.681884	0.984000	 0.461000	 1.000000
0.770000	0.770000	1.000000	 0.538000	0.582352	0.681194	0.984000	 0.462000	 1.000000
0.771667	0.771667	1.000000	 0.537000	0.581448	0.680504	0.984000	 0.463000	 1.000000
0.773333	0.773333	1.000000	 0.536000	0.580544	0.679814	0.984000	 0.464000	 1.000000
0.775000	0.775000	1.000000	 0.535000	0.579640	0.679124	0.984000	 0.465000	 1.000000
0.776667	0.776667	1.000000	 0.534000	0.578736	0.678434	0.984000	 0.466000	 1.000000
0.778333	0.778333	1.000000	 0.533000	0.577832	0.677744	0.984000	 0.467000	 1.000000
0.780000	0.780000	1.000000	 0.532000	0.576928	0.677054	0.984000	 0.468000	 1.000000
0.781667	0.781667	1.000000	 0.531000	0.576024	0.676364	0.984000	 0.469000	 1.000000
0.783333	0.783333	1.000000	 0.530000	0.575120	0.675674	0.984000	 0.470000	 1.000000
0.785000	0.785000	1.000000	 0.529000	0.574216	0.674984	0.984000	 0.471000	 1.000000
0.786667	0.786667	1.000000	 0.528000	0.573312	0.674294	0.984000	 0.472000	 1.000000
0.788333	0.788333	1.000000	 0.527000	0.572408	0.673604	0.984000	 0.473000	 1.000000
0.790000	0.790000	1.000000	 0.526000	0.571504	0.672913	0.984000	 0.474000	 1.000000
0.791667	0.791667	1.000000	 0.525000	0.570600	0.672223	0.984000	 0.475000	 1.000000
0.793333	0.793333	1.000000	 0.524000	0.569696	0.671533	0.984000	 0.476000	 1.000000
0.795000	0.795000	1.000000	 0.523000	0.568792	0.670843	0.984000	 0.477000	 1.000000
0.796667	0.796667	1.000000	 0.522000	0.567888	0.670153	0.984000	 0.478000	 1.000000
0.798333	0.798333	1.000000	 0.521000	0.566984	0.669463	0.984000	 0.479000	 1.000000
0.800000	0.800000	1.000000	 0.520000	0.566080	0.668773	0.984000	 0.480000	 1.000000
0.801667	0.801667	1.000000	 0.519000	0.565176	0.668083	0.984000	 0.481000	 1.000000
0.803333	0.803333	1.000000	 0.518000	0.564272	0.667393	0.984000	 0.482000	 1.000000
0.805000	0.805000	1.000000	 0.517000	0.563368	0.666703	0.984000	 0.483000	 1.000000
0.806667	0.806667	1.000000	 0.516000	0.562464	0.666013	0.984000	 0.484000	 1.000000
0.808333	0.808333	1.000000	 0.515000	0.561560	0.665323	0.984000	 0.485000	 1.000000
0.810000	0.810000	1.000000	 0.514000	0.560656	0.664633	0.984000	 0.486000	 1.000000
0.811667	0.811667	1.000000	 0.513000	0.559752	0.663943	0.984000	 0.487000	 1.000000
0.813333	0.813333	1.000000	 0.512000	0.558848	0.663253	0.984000	 0.488000	 1.000000
0.815000	0.815000	1.000000	 0.511000	0.557944	0.662563	0.984000	 0.489000	 1.000000
0.816667	0.816667	1.000000	 0.510000	0.557040	0.661873	0.984000	 0.490000	 1.000000
0.818333	0.818333	1.000000	 0.509000	0.556136	0.661183	0.984000	 0.491000	 1.000000
0.820000	0.820000	1.000000	 0.508000	0.555232	0.660492	0.984000	 0.492000	 1.000000
0.821667	0.821667	1.000000	 0.507000	0.554328	0.659802	0.984000	 0.493000	 1.000000
0.823333	0.823333	1.000000	 0.506000	0.553424	0.659112	0.984000	 0.494000	 1.000000
0.825000	0.825000	1.000000	 0.505000	0.552520	0.658422	0.984000	 0.495000	 1.000000
0.826667	0.826667	1.000000	 0.504000	0.551616	0.657732	0.984000	 0.496000	 1.000000
0.828333	0.828333	1.000000	 0.503000	0.550712	0.657042	0.984000	 0.497000	 1.000000
0.830000	0.830000	1.000000	 0.502000	0.549808	0.656352	0.984000	 0.498000	 1.000000
0.831667	0.831667	1.000000	 0.501000	0.548904	0.655662	0.984000	 0.499000	 1.000000
0.833333	0.833333	1.000000	 0.500000	0.548000	0.654972	0.984000	 0.500000	 1.000000
0.835000	0.835000	1.000000	 0.499000	0.547096	0.654282	0.984000	 0.501000	 1.000000
0.836667	0.836667	1.000000	 0.498000	0.546192	0.653592	0.984000	 0.502000	 1.000000
0.838333	0.838333	1.000000	 0.497000	0.545288	0.652902	0.984000	 0.503000	 1.000000
0.840000	0.840000	1.000000	 0.496000	0.544384	0.652212	0.984000	 0.504000	 1.000000
0.841667	0.841667	1.000000	 0.495000	0.543480	0.651522	0.984000	 0.505000	 1.000000
0.843333	0.843333	1.000000	 0.494000	0.542576	0.650832	0.984000	 0.506000	 1.000000
0.845000	0.845000	1.000000	 0.493000	0.541672	0.650142	0.984000	 0.507000	 1.000000
0.846667	0.846667	1.000000	 0.492000	0.540768	0.649452	0.984000	 0.508000	 1.000000
0.848333	0.848333	1.000000	 0.491000	0.539864	0.648761	0.984000	 0.509000	 1.000000
0.850000	0.850000	1.000000	 0.490000	0.538960	0.648071	0.984000	 0.510000	 1.000000
0.851667	0.851667	1.000000	 0.489000	0.538056	0.647381	0.984000	 0.511000	 1.000000
0.853333	0.853333	1.000000	 0.488000	0.537152	0.646691	0.984000	 0.512000	 1.000000
0.855000	0.855000	1.000000	 0.487000	0.536248	0.646001	0.984000	 0.513000	 1.000000
0.856667	0.856667	1.000000	 0.486000	0.535344	0.645311	0.984000	 0.514000	 1.000000
0.858333	0.858333	1.000000	 0.485000	0.534440	0.644621	0.984000	 0.515000	 1.000000
0.860000	0.860000	1.000000	 0.484000	0.533536	0.643931	0.984000	 0.516000	 1.000000
0.861667	0.861667	1.000000	 0.483000	0.532632	0.643241	0.984000	 0.517000	 1.000000
0.863333	0.863333	1.000000	 0.482000	0.531728	0.642551	0.984000	 0.518000	 1.000000
0.865000	0.865000	1.000000	 0.481000	0.530824	0.641861	0.984000	 0.519000	 1.000000
0.866667	0.866667	1.000000	 0.480000	0.529920	0.641171	0.984000	 0.520000	 1.000000
0.868333	0.868333	1.000000	 0.479000	0.529016	0.640481	0.984000	 0.521000	 1.000000
0.870000	0.870000	1.000000	 0.478000	0.528112	0.639791	0.984000	 0.522000	 1.000000
0.871667	0.871667	1.000000	 0.477000	0.527208	0.639101	0.984000	 0.523000	 1.000000
0.873333	0.873333	1.000000	 0.476000	0.526304	0.638411	0.984000	 0.524000	 1.000000
0.875000	0.875000	1.000000	 0.475000	0.525400	0.637721	0.984000	 0.525000	 1.000000
0.876667	0.876667	1.000000	 0.474000	0.524496	0.637031	0.984000	 0.526000	 1.000000
0.878333	0.878333	1.000000	 0.473000	0.523592	0.636340	0.984000	 0.527000	 1.000000
0.880000	0.880000	1.000000	 0.472000	0.522688	0.635650	0.984000	 0.528000	 1.000000
0.881667	0.881667	1.000000	 0.471000	0.521784	0.634960	0.984000	 0.529000	 1.000000
0.883333	0.883333	1.000000	 0.470000	0.520880	0.634270	0.984000	 0.530000	 1.000000
0.885000	0.885000	1.000000	 0.469000	0.519976	0.633580	0.984000	 0.531000	 1.000000
0.886667	0.886667	1.000000	 0.468000	0.519072	0.632890	0.984000	 0.532000	 1.000000
0.888333	0.888333	1.000000	 0.467000	0.518168	0.632200	0.984000	 0.533000	 1.000000
0.890000	0.890000	1.000000	 0.466000	0.517264	0.631510	0.984000	 0.534000	 1.000000
0.891667	0.891667	1.000000	 0.465000	0.516360	0.630820	0.984000	 0.535000	 1.000000
0.893333	0.893333	1.000000	 0.464000	0.515456	0.630130	0.984000	 0.536000	 1.000000
0.895000	0.895000	1.000000	 0.463000	0.514552	0.629440	0.984000	 0.537000	 1.000000
0.896667	0.896667	1.000000	 0.462000	0.513648	0.628750	0.984000	 0.538000	 1.000000
0.898333	0.898333	1.000000	 0.461000	0.512744	0.628060	0.984000	 0.539000	 1.000000
0.900000	0.900000	1.000000	 0.460000	0.511840	0.627370	0.984000	 0.540000	 1.000000
0.901667	0.901667	1.000000	 0.459000	0.510936	0.626680	0.984000	 0.541000	 1.000000
0.903333	0.903333	1.000000	 0.458000	0.510032	0.625990	0.984000	 0.542000	 1.000000
0.905000	0.905000	1.000000	 0.457000	0.509128	0.625300	0.984000	 0.543000	 1.000000
0.906667	0.906667	1.000000	 0.456000	0.508224	0.624610	0.984000	 0.544000	 1.000000
0.908333	0.908333	1.000000	 0.455000	0.507320	0.623919	0.984000	 0.545000	 1.000000
0.910000	0.910000	1.000000	 0.454000	0.506416	0.623229	0.984000	 0.546000	 1.000000
0.911667	0.911667	1.000000	 0.453000	0.505512	0.622539	0.984000	 0.547000	 1.000000
0.913333	0.913333	1.000000	 0.452000	0.504608	0.621849	0.984000	 0.548000	 1.000000
0.915000	0.915000	1.000000	 0.451000	0.503704	0.621159	0.984000	 0.549000	 1.000000
0.916667	0.916667	1.000000	 0.450000	0.502800	0.620469	0.984000	 0.550000	 1.000000
0.918333	0.918333	1.000000	 0.449000	0.501896	0.619779	0.984000	 0.551000	 1.000000
0.920000	0.920000	1.000000	 0.448000	0.500992	0.619089	0.984000	 0.552000	 1.000000
0.921667	0.921667	1.000000	 0.447000	0.500088	0.618399	0.984000	 0.553000	 1.000000
0.923333	0.923333	1.000000	 0.446000	0.499184	0.617709	0.984000	 0.554000	 1.000000
0.925000	0.925000	1.000000	 0.445000	0.498280	0.617019	0.984000	 0.555000	 1.000000
0.926667	0.926667	1.000000	 0.444000	0.497376	0.616329	0.984000	 0.556000	 1.000000
0.928333	0.928333	1.000000	 0.443000	0.496472	0.615639	0.984000	 0.557000	 1.000000
0.930000	0.930000	1.000000	 0.442000	0.495568	0.614949	0.984000	 0.558000	 1.000000
0.931667	0.931667	1.000000	 0.441000	0.494664	0.614259	0.984000	 0.559000	 1.000000
0.933333	0.933333	1.000000	 0.440000	0.493760	0.613569	0.984000	 0.560000	 1.000000
0.935000	0.935000	1.000000	 0.439000	0.492856	0.612879	0.984000	 0.561000	 1.000000
0.936667	0.936667	1.000000	 0.438000	0.491952	0.612189	0.984000	 0.562000	 1.000000
0.938333	0.938333	1.000000	 0.437000	0.491048	0.611498	0.984000	 0.563000	 1.000000
0.940000	0.940000	1.000000	 0.436000	0.490144	0.610808	0.984000	 0.564000	 1.000000
0.941667	0.941667	1.000000	 0.435000	0.489240	0.610118	0.984000	 0.565000	 1.000000
0.943333	0.943333	1.000000	 0.434000	0.488336	0.609428	0.984000	 0.566000	 1.000000
0.945000	0.945000	1.000000	 0.433000	0.487432	0.608738	0.984000	 0.567000	 1.000000
0.946667	0.946667	1.000000	 0.432000	0.486528	0.608048	0.984000	 0.568000	 1.000000
0.948333	0.948333	1.000000	 0.431000	0.485624	0.607358	0.984000	 0.569000	 1.000000
0.950000	0.950000	1.000000	 0.430000	0.484720	0.606668	0.984000	 0.570000	 1.000000
0.951667	0.951667	1.000000	 0.429000	0.483816	0.605978	0.984000	 0.571000	 1.000000
0.953333	0.953333	1.000000	 0.428000	0.482912	0.605288	0.984000	 0.572000	 1.000000
0.955000	0.955000	1.000000	 0.427000	0.482008	0.604598	0.984000	 0.573000	 1.000000
0.956667	0.956667	1.000000	 0.426000	0.481104	0.603908	0.984000	 0.574000	 1.000000
0.958333	0.958333	1.000000	 0.425000	0.480200	0.603218	0.984000	 0.575000	 1.000000
0.960000	0.960000	1.000000	 0.424000	0.479296	0.602528	0.984000	 0.576000	 1.000000
0.961667	0.961667	1.000000	 0.423000	0.478392	0.601838	0.984000	 0.577000	 1.000000
0.963333	0.963333	1.000000	 0.422000	0.477488	0.601148	0.984000	 0.578000	 1.000000
0.965000	0.965000	1.000000	 0.421000	0.476584	0.600458	0.984000	 0.579000	 1.000000
0.966667	0.966667	1.000000	 0.420000	0.475680	0.599768	0.984000	 0.580000	 1.000000
0.968333	0.968333	1.000000	 0.419000	0.474776	0.599077	0.984000	 0.581000	 1.000000
0.970000	0.970000	1.000000	 0.418000	0.473872	0.598387	0.984000	 0.582000	 1.000000
0.971667	0.971667	1.000000	 0.417000	0.472968	0.597697	0.984000	 0.583000	 1.000000
0.973333	0.973333	1.000000	 0.416000	0.472064	0.597007	0.984000	 0.584000	 1.000000
0.975000	0.975000	1.000000	 0.415000	0.471160	0.596317	0.984000	 0.585000	 1.000000
0.976667	0.976667	1.000000	 0.414000	0.470256	0.595627	0.984000	 0.586000	 1.000000
0.978333	0.978333	1.000000	 0.413000	0.469352	0.594937	0.984000	 0.587000	 1.000000
0.980000	0.980000	1.000000	 0.412000	0.468448	0.594247	0.984000	 0.588000	 1.000000
0.981667	0.981667	1.000000	 0.411000	0.467544	0.593557	0.984000	 0.589000	 1.000000
0.983333	0.983333	1.000000	 0.410000	0.466640	0.592867	0.984000	 0.590000	 1.000000
0.985000	0.985000	1.000000	 0.409000	0.465736	0.592177	0.984000	 0.591000	 1.000000
0.986667	0.986667	1.000000	 0.408000	0.464832	0.591487	0.984000	 0.592000	 1.000000
0.988333	0.988333	1.000000	 0.407000	0.463928	0.590797	0.984000	 0.593000	 1.000000
0.990000	0.990000	1.000000	 0.406000	0.463024	0.590107	0.984000	 0.594000	 1.000000
0.991667	0.991667	1.000000	 0.405000	0.462120	0.589417	0.984000	 0.595000	 1.000000
0.993333	0.993333	1.000000	 0.404000	0.461216	0.588727	0.984000	 0.596000	 1.000000
0.995000	0.995000	1.000000	 0.403000	0.460312	0.588037	0.984000	 0.597000	 1.000000
0.996667	0.996667	1.000000	 0.402000	0.459408	0.587347	0.984000	 0.598000	 1.000000
0.998333	0.998333	1.000000	 0.401000	0.458504	0.586656	0.984000	 0.599000	 1.000000
