#p 		 mp		 R 		 G 		B 		Y 	 h	s	v
0.000000	1.000000	1.000000	 0.400000	0.457600	0.585966	0.984000	 0.600000	 1.000000
0.001667	0.996667	1.000000	 0.402000	0.459408	0.587347	0.984000	 0.598000	 1.000000
0.003333	0.993333	1.000000	 0.404000	0.461216	0.588727	0.984000	 0.596000	 1.000000
0.005000	0.990000	1.000000	 0.406000	0.463024	0.590107	0.984000	 0.594000	 1.000000
0.006667	0.986667	1.000000	 0.408000	0.464832	0.591487	0.984000	 0.592000	 1.000000
0.008333	0.983333	1.000000	 0.410000	0.466640	0.592867	0.984000	 0.590000	 1.000000
0.010000	0.980000	1.000000	 0.412000	0.468448	0.594247	0.984000	 0.588000	 1.000000
0.011667	0.976667	1.000000	 0.414000	0.470256	0.595627	0.984000	 0.586000	 1.000000
0.013333	0.973333	1.000000	 0.416000	0.472064	0.597007	0.984000	 0.584000	 1.000000
0.015000	0.970000	1.000000	 0.418000	0.473872	0.598387	0.984000	 0.582000	 1.000000
0.016667	0.966667	1.000000	 0.420000	0.475680	0.599768	0.984000	 0.580000	 1.000000
0.018333	0.963333	1.000000	 0.422000	0.477488	0.601148	0.984000	 0.578000	 1.000000
0.020000	0.960000	1.000000	 0.424000	0.479296	0.602528	0.984000	 0.576000	 1.000000
0.021667	0.956667	1.000000	 0.426000	0.481104	0.603908	0.984000	 0.574000	 1.000000
0.023333	0.953333	1.000000	 0.428000	0.482912	0.605288	0.984000	 0.572000	 1.000000
0.025000	0.950000	1.000000	 0.430000	0.484720	0.606668	0.984000	 0.570000	 1.000000
0.026667	0.946667	1.000000	 0.432000	0.486528	0.608048	0.984000	 0.568000	 1.000000
0.028333	0.943333	1.000000	 0.434000	0.488336	0.609428	0.984000	 0.566000	 1.000000
0.030000	0.940000	1.000000	 0.436000	0.490144	0.610808	0.984000	 0.564000	 1.000000
0.031667	0.936667	1.000000	 0.438000	0.491952	0.612189	0.984000	 0.562000	 1.000000
0.033333	0.933333	1.000000	 0.440000	0.493760	0.613569	0.984000	 0.560000	 1.000000
0.035000	0.930000	1.000000	 0.442000	0.495568	0.614949	0.984000	 0.558000	 1.000000
0.036667	0.926667	1.000000	 0.444000	0.497376	0.616329	0.984000	 0.556000	 1.000000
0.038333	0.923333	1.000000	 0.446000	0.499184	0.617709	0.984000	 0.554000	 1.000000
0.040000	0.920000	1.000000	 0.448000	0.500992	0.619089	0.984000	 0.552000	 1.000000
0.041667	0.916667	1.000000	 0.450000	0.502800	0.620469	0.984000	 0.550000	 1.000000
0.043333	0.913333	1.000000	 0.452000	0.504608	0.621849	0.984000	 0.548000	 1.000000
0.045000	0.910000	1.000000	 0.454000	0.506416	0.623229	0.984000	 0.546000	 1.000000
0.046667	0.906667	1.000000	 0.456000	0.508224	0.624610	0.984000	 0.544000	 1.000000
0.048333	0.903333	1.000000	 0.458000	0.510032	0.625990	0.984000	 0.542000	 1.000000
0.050000	0.900000	1.000000	 0.460000	0.511840	0.627370	0.984000	 0.540000	 1.000000
0.051667	0.896667	1.000000	 0.462000	0.513648	0.628750	0.984000	 0.538000	 1.000000
0.053333	0.893333	1.000000	 0.464000	0.515456	0.630130	0.984000	 0.536000	 1.000000
0.055000	0.890000	1.000000	 0.466000	0.517264	0.631510	0.984000	 0.534000	 1.000000
0.056667	0.886667	1.000000	 0.468000	0.519072	0.632890	0.984000	 0.532000	 1.000000
0.058333	0.883333	1.000000	 0.470000	0.520880	0.634270	0.984000	 0.530000	 1.000000
0.060000	0.880000	1.000000	 0.472000	0.522688	0.635650	0.984000	 0.528000	 1.000000
0.061667	0.876667	1.000000	 0.474000	0.524496	0.637031	0.984000	 0.526000	 1.000000
0.063333	0.873333	1.000000	 0.476000	0.526304	0.638411	0.984000	 0.524000	 1.000000
0.065000	0.870000	1.000000	 0.478000	0.528112	0.639791	0.984000	 0.522000	 1.000000
0.066667	0.866667	1.000000	 0.480000	0.529920	0.641171	0.984000	 0.520000	 1.000000
0.068333	0.863333	1.000000	 0.482000	0.531728	0.642551	0.984000	 0.518000	 1.000000
0.070000	0.860000	1.000000	 0.484000	0.533536	0.643931	0.984000	 0.516000	 1.000000
0.071667	0.856667	1.000000	 0.486000	0.535344	0.645311	0.984000	 0.514000	 1.000000
0.073333	0.853333	1.000000	 0.488000	0.537152	0.646691	0.984000	 0.512000	 1.000000
0.075000	0.850000	1.000000	 0.490000	0.538960	0.648071	0.984000	 0.510000	 1.000000
0.076667	0.846667	1.000000	 0.492000	0.540768	0.649452	0.984000	 0.508000	 1.000000
0.078333	0.843333	1.000000	 0.494000	0.542576	0.650832	0.984000	 0.506000	 1.000000
0.080000	0.840000	1.000000	 0.496000	0.544384	0.652212	0.984000	 0.504000	 1.000000
0.081667	0.836667	1.000000	 0.498000	0.546192	0.653592	0.984000	 0.502000	 1.000000
0.083333	0.833333	1.000000	 0.500000	0.548000	0.654972	0.984000	 0.500000	 1.000000
0.085000	0.830000	1.000000	 0.502000	0.549808	0.656352	0.984000	 0.498000	 1.000000
0.086667	0.826667	1.000000	 0.504000	0.551616	0.657732	0.984000	 0.496000	 1.000000
0.088333	0.823333	1.000000	 0.506000	0.553424	0.659112	0.984000	 0.494000	 1.000000
0.090000	0.820000	1.000000	 0.508000	0.555232	0.660492	0.984000	 0.492000	 1.000000
0.091667	0.816667	1.000000	 0.510000	0.557040	0.661873	0.984000	 0.490000	 1.000000
0.093333	0.813333	1.000000	 0.512000	0.558848	0.663253	0.984000	 0.488000	 1.000000
0.095000	0.810000	1.000000	 0.514000	0.560656	0.664633	0.984000	 0.486000	 1.000000
0.096667	0.806667	1.000000	 0.516000	0.562464	0.666013	0.984000	 0.484000	 1.000000
0.098333	0.803333	1.000000	 0.518000	0.564272	0.667393	0.984000	 0.482000	 1.000000
0.100000	0.800000	1.000000	 0.520000	0.566080	0.668773	0.984000	 0.480000	 1.000000
0.101667	0.796667	1.000000	 0.522000	0.567888	0.670153	0.984000	 0.478000	 1.000000
0.103333	0.793333	1.000000	 0.524000	0.569696	0.671533	0.984000	 0.476000	 1.000000
0.105000	0.790000	1.000000	 0.526000	0.571504	0.672913	0.984000	 0.474000	 1.000000
0.106667	0.786667	1.000000	 0.528000	0.573312	0.674294	0.984000	 0.472000	 1.000000
0.108333	0.783333	1.000000	 0.530000	0.575120	0.675674	0.984000	 0.470000	 1.000000
0.110000	0.780000	1.000000	 0.532000	0.576928	0.677054	0.984000	 0.468000	 1.000000
0.111667	0.776667	1.000000	 0.534000	0.578736	0.678434	0.984000	 0.466000	 1.000000
0.113333	0.773333	1.000000	 0.536000	0.580544	0.679814	0.984000	 0.464000	 1.000000
0.115000	0.770000	1.000000	 0.538000	0.582352	0.681194	0.984000	 0.462000	 1.000000
0.116667	0.766667	1.000000	 0.540000	0.584160	0.682574	0.984000	 0.460000	 1.000000
0.118333	0.763333	1.000000	 0.542000	0.585968	0.683954	0.984000	 0.458000	 1.000000
0.120000	0.760000	1.000000	 0.544000	0.587776	0.685334	0.984000	 0.456000	 1.000000
0.121667	0.756667	1.000000	 0.546000	0.589584	0.686715	0.984000	 0.454000	 1.000000
0.123333	0.753333	1.000000	 0.548000	0.591392	0.688095	0.984000	 0.452000	 1.000000
0.125000	0.750000	1.000000	 0.550000	0.593200	0.689475	0.984000	 0.450000	 1.000000
0.126667	0.746667	1.000000	 0.552000	0.595008	0.690855	0.984000	 0.448000	 1.000000
0.128333	0.743333	1.000000	 0.554000	0.596816	0.692235	0.984000	 0.446000	 1.000000
0.130000	0.740000	1.000000	 0.556000	0.598624	0.693615	0.984000	 0.444000	 1.000000
0.131667	0.736667	1.000000	 0.558000	0.600432	0.694995	0.984000	 0.442000	 1.000000
0.133333	0.733333	1.000000	 0.560000	0.602240	0.696375	0.984000	 0.440000	 1.000000
0.135000	0.730000	1.000000	 0.562000	0.604048	0.697755	0.984000	 0.438000	 1.000000
0.136667	0.726667	1.000000	 0.564000	0.605856	0.699136	0.984000	 0.436000	 1.000000
0.138333	0.723333	1.000000	 0.566000	0.607664	0.700516	0.984000	 0.434000	 1.000000
0.140000	0.720000	1.000000	 0.568000	0.609472	0.701896	0.984000	 0.432000	 1.000000
0.141667	0.716667	1.000000	 0.570000	0.611280	0.703276	0.984000	 0.430000	 1.000000
0.143333	0.713333	1.000000	 0.572000	0.613088	0.704656	0.984000	 0.428000	 1.000000
0.145000	0.710000	1.000000	 0.574000	0.614896	0.706036	0.984000	 0.426000	 1.000000
0.146667	0.706667	1.000000	 0.576000	0.616704	0.707416	0.984000	 0.424000	 1.000000
0.148333	0.703333	1.000000	 0.578000	0.618512	0.708796	0.984000	 0.422000	 1.000000
0.150000	0.700000	1.000000	 0.580000	0.620320	0.710176	0.984000	 0.420000	 1.000000
0.151667	0.696667	1.000000	 0.582000	0.622128	0.711557	0.984000	 0.418000	 1.000000
0.153333	0.693333	1.000000	 0.584000	0.623936	0.712937	0.984000	 0.416000	 1.000000
0.155000	0.690000	1.000000	 0.586000	0.625744	0.714317	0.984000	 0.414000	 1.000000
0.156667	0.686667	1.000000	 0.588000	0.627552	0.715697	0.984000	 0.412000	 1.000000
0.158333	0.683333	1.000000	 0.590000	0.629360	0.717077	0.984000	 0.410000	 1.000000
0.160000	0.680000	1.000000	 0.592000	0.631168	0.718457	0.984000	 0.408000	 1.000000
0.161667	0.676667	1.000000	 0.594000	0.632976	0.719837	0.984000	 0.406000	 1.000000
0.163333	0.673333	1.000000	 0.596000	0.634784	0.721217	0.984000	 0.404000	 1.000000
0.165000	0.670000	1.000000	 0.598000	0.636592	0.722597	0.984000	 0.402000	 1.000000
0.166667	0.666667	1.000000	 0.600000	0.638400	0.723978	0.984000	 0.400000	 1.000000
0.168333	0.663333	1.000000	 0.602000	0.640208	0.725358	0.984000	 0.398000	 1.000000
0.170000	0.660000	1.000000	 0.604000	0.642016	0.726738	0.984000	 0.396000	 1.000000
0.171667	0.656667	1.000000	 0.606000	0.643824	0.728118	0.984000	 0.394000	 1.000000
0.173333	0.653333	1.000000	 0.608000	0.645632	0.729498	0.984000	 0.392000	 1.000000
0.175000	0.650000	1.000000	 0.610000	0.647440	0.730878	0.984000	 0.390000	 1.000000
0.176667	0.646667	1.000000	 0.612000	0.649248	0.732258	0.984000	 0.388000	 1.000000
0.178333	0.643333	1.000000	 0.614000	0.651056	0.733638	0.984000	 0.386000	 1.000000
0.180000	0.640000	1.000000	 0.616000	0.652864	0.735018	0.984000	 0.384000	 1.000000
0.181667	0.636667	1.000000	 0.618000	0.654672	0.736399	0.984000	 0.382000	 1.000000
0.183333	0.633333	1.000000	 0.620000	0.656480	0.737779	0.984000	 0.380000	 1.000000
0.185000	0.630000	1.000000	 0.622000	0.658288	0.739159	0.984000	 0.378000	 1.000000
0.186667	0.626667	1.000000	 0.624000	0.660096	0.740539	0.984000	 0.376000	 1.000000
0.188333	0.623333	1.000000	 0.626000	0.661904	0.741919	0.984000	 0.374000	 1.000000
0.190000	0.620000	1.000000	 0.628000	0.663712	0.743299	0.984000	 0.372000	 1.000000
0.191667	0.616667	1.000000	 0.630000	0.665520	0.744679	0.984000	 0.370000	 1.000000
0.193333	0.613333	1.000000	 0.632000	0.667328	0.746059	0.984000	 0.368000	 1.000000
0.195000	0.610000	1.000000	 0.634000	0.669136	0.747440	0.984000	 0.366000	 1.000000
0.196667	0.606667	1.000000	 0.636000	0.670944	0.748820	0.984000	 0.364000	 1.000000
0.198333	0.603333	1.000000	 0.638000	0.672752	0.750200	0.984000	 0.362000	 1.000000
0.200000	0.600000	1.000000	 0.640000	0.674560	0.751580	0.984000	 0.360000	 1.000000
0.201667	0.596667	1.000000	 0.642000	0.676368	0.752960	0.984000	 0.358000	 1.000000
0.203333	0.593333	1.000000	 0.644000	0.678176	0.754340	0.984000	 0.356000	 1.000000
0.205000	0.590000	1.000000	 0.646000	0.679984	0.755720	0.984000	 0.354000	 1.000000
0.206667	0.586667	1.000000	 0.648000	0.681792	0.757100	0.984000	 0.352000	 1.000000
0.208333	0.583333	1.000000	 0.650000	0.683600	0.758480	0.984000	 0.350000	 1.000000
0.210000	0.580000	1.000000	 0.652000	0.685408	0.759861	0.984000	 0.348000	 1.000000
0.211667	0.576667	1.000000	 0.654000	0.687216	0.761241	0.984000	 0.346000	 1.000000
0.213333	0.573333	1.000000	 0.656000	0.689024	0.762621	0.984000	 0.344000	 1.000000
0.215000	0.570000	1.000000	 0.658000	0.690832	0.764001	0.984000	 0.342000	 1.000000
0.216667	0.566667	1.000000	 0.660000	0.692640	0.765381	0.984000	 0.340000	 1.000000
0.218333	0.563333	1.000000	 0.662000	0.694448	0.766761	0.984000	 0.338000	 1.000000
0.220000	0.560000	1.000000	 0.664000	0.696256	0.768141	0.984000	 0.336000	 1.000000
0.221667	0.556667	1.000000	 0.666000	0.698064	0.769521	0.984000	 0.334000	 1.000000
0.223333	0.553333	1.000000	 0.668000	0.699872	0.770901	0.984000	 0.332000	 1.000000
0.225000	0.550000	1.000000	 0.670000	0.701680	0.772282	0.984000	 0.330000	 1.000000
0.226667	0.546667	1.000000	 0.672000	0.703488	0.773662	0.984000	 0.328000	 1.000000
0.228333	0.543333	1.000000	 0.674000	0.705296	0.775042	0.984000	 0.326000	 1.000000
0.230000	0.540000	1.000000	 0.676000	0.707104	0.776422	0.984000	 0.324000	 1.000000
0.231667	0.536667	1.000000	 0.678000	0.708912	0.777802	0.984000	 0.322000	 1.000000
0.233333	0.533333	1.000000	 0.680000	0.710720	0.779182	0.984000	 0.320000	 1.000000
0.235000	0.530000	1.000000	 0.682000	0.712528	0.780562	0.984000	 0.318000	 1.000000
0.236667	0.526667	1.000000	 0.684000	0.714336	0.781942	0.984000	 0.316000	 1.000000
0.238333	0.523333	1.000000	 0.686000	0.716144	0.783322	0.984000	 0.314000	 1.000000
0.240000	0.520000	1.000000	 0.688000	0.717952	0.784703	0.984000	 0.312000	 1.000000
0.241667	0.516667	1.000000	 0.690000	0.719760	0.786083	0.984000	 0.310000	 1.000000
0.243333	0.513333	1.000000	 0.692000	0.721568	0.787463	0.984000	 0.308000	 1.000000
0.245000	0.510000	1.000000	 0.694000	0.723376	0.788843	0.984000	 0.306000	 1.000000
0.246667	0.506667	1.000000	 0.696000	0.725184	0.790223	0.984000	 0.304000	 1.000000
0.248333	0.503333	1.000000	 0.698000	0.726992	0.791603	0.984000	 0.302000	 1.000000
0.250000	0.500000	1.000000	 0.700000	0.728800	0.792983	0.984000	 0.300000	 1.000000
0.251667	0.496667	1.000000	 0.702000	0.730608	0.794363	0.984000	 0.298000	 1.000000
0.253333	0.493333	1.000000	 0.704000	0.732416	0.795743	0.984000	 0.296000	 1.000000
0.255000	0.490000	1.000000	 0.706000	0.734224	0.797124	0.984000	 0.294000	 1.000000
0.256667	0.486667	1.000000	 0.708000	0.736032	0.798504	0.984000	 0.292000	 1.000000
0.258333	0.483333	1.000000	 0.710000	0.737840	0.799884	0.984000	 0.290000	 1.000000
0.260000	0.480000	1.000000	 0.712000	0.739648	0.801264	0.984000	 0.288000	 1.000000
0.261667	0.476667	1.000000	 0.714000	0.741456	0.802644	0.984000	 0.286000	 1.000000
0.263333	0.473333	1.000000	 0.716000	0.743264	0.804024	0.984000	 0.284000	 1.000000
0.265000	0.470000	1.000000	 0.718000	0.745072	0.805404	0.984000	 0.282000	 1.000000
0.266667	0.466667	1.000000	 0.720000	0.746880	0.806784	0.984000	 0.280000	 1.000000
0.268333	0.463333	1.000000	 0.722000	0.748688	0.808164	0.984000	 0.278000	 1.000000
0.270000	0.460000	1.000000	 0.724000	0.750496	0.809545	0.984000	 0.276000	 1.000000
0.271667	0.456667	1.000000	 0.726000	0.752304	0.810925	0.984000	 0.274000	 1.000000
0.273333	0.453333	1.000000	 0.728000	0.754112	0.812305	0.984000	 0.272000	 1.000000
0.275000	0.450000	1.000000	 0.730000	0.755920	0.813685	0.984000	 0.270000	 1.000000
0.276667	0.446667	1.000000	 0.732000	0.757728	0.815065	0.984000	 0.268000	 1.000000
0.278333	0.443333	1.000000	 0.734000	0.759536	0.816445	0.984000	 0.266000	 1.000000
0.280000	0.440000	1.000000	 0.736000	0.761344	0.817825	0.984000	 0.264000	 1.000000
0.281667	0.436667	1.000000	 0.738000	0.763152	0.819205	0.984000	 0.262000	 1.000000
0.283333	0.433333	1.000000	 0.740000	0.764960	0.820585	0.984000	 0.260000	 1.000000
0.285000	0.430000	1.000000	 0.742000	0.766768	0.821966	0.984000	 0.258000	 1.000000
0.286667	0.426667	1.000000	 0.744000	0.768576	0.823346	0.984000	 0.256000	 1.000000
0.288333	0.423333	1.000000	 0.746000	0.770384	0.824726	0.984000	 0.254000	 1.000000
0.290000	0.420000	1.000000	 0.748000	0.772192	0.826106	0.984000	 0.252000	 1.000000
0.291667	0.416667	1.000000	 0.750000	0.774000	0.827486	0.984000	 0.250000	 1.000000
0.293333	0.413333	1.000000	 0.752000	0.775808	0.828866	0.984000	 0.248000	 1.000000
0.295000	0.410000	1.000000	 0.754000	0.777616	0.830246	0.984000	 0.246000	 1.000000
0.296667	0.406667	1.000000	 0.756000	0.779424	0.831626	0.984000	 0.244000	 1.000000
0.298333	0.403333	1.000000	 0.758000	0.781232	0.833006	0.984000	 0.242000	 1.000000
0.300000	0.400000	1.000000	 0.760000	0.783040	0.834387	0.984000	 0.240000	 1.000000
0.301667	0.396667	1.000000	 0.762000	0.784848	0.835767	0.984000	 0.238000	 1.000000
0.303333	0.393333	1.000000	 0.764000	0.786656	0.837147	0.984000	 0.236000	 1.000000
0.305000	0.390000	1.000000	 0.766000	0.788464	0.838527	0.984000	 0.234000	 1.000000
0.306667	0.386667	1.000000	 0.768000	0.790272	0.839907	0.984000	 0.232000	 1.000000
0.308333	0.383333	1.000000	 0.770000	0.792080	0.841287	0.984000	 0.230000	 1.000000
0.310000	0.380000	1.000000	 0.772000	0.793888	0.842667	0.984000	 0.228000	 1.000000
0.311667	0.376667	1.000000	 0.774000	0.795696	0.844047	0.984000	 0.226000	 1.000000
0.313333	0.373333	1.000000	 0.776000	0.797504	0.845427	0.984000	 0.224000	 1.000000
0.315000	0.370000	1.000000	 0.778000	0.799312	0.846808	0.984000	 0.222000	 1.000000
0.316667	0.366667	1.000000	 0.780000	0.801120	0.848188	0.984000	 0.220000	 1.000000
0.318333	0.363333	1.000000	 0.782000	0.802928	0.849568	0.984000	 0.218000	 1.000000
0.320000	0.360000	1.000000	 0.784000	0.804736	0.850948	0.984000	 0.216000	 1.000000
0.321667	0.356667	1.000000	 0.786000	0.806544	0.852328	0.984000	 0.214000	 1.000000
0.323333	0.353333	1.000000	 0.788000	0.808352	0.853708	0.984000	 0.212000	 1.000000
0.325000	0.350000	1.000000	 0.790000	0.810160	0.855088	0.984000	 0.210000	 1.000000
0.326667	0.346667	1.000000	 0.792000	0.811968	0.856468	0.984000	 0.208000	 1.000000
0.328333	0.343333	1.000000	 0.794000	0.813776	0.857848	0.984000	 0.206000	 1.000000
0.330000	0.340000	1.000000	 0.796000	0.815584	0.859229	0.984000	 0.204000	 1.000000
0.331667	0.336667	1.000000	 0.798000	0.817392	0.860609	0.984000	 0.202000	 1.000000
0.333333	0.333333	1.000000	 0.800000	0.819200	0.861989	0.984000	 0.200000	 1.000000
0.335000	0.330000	1.000000	 0.802000	0.821008	0.863369	0.984000	 0.198000	 1.000000
0.336667	0.326667	1.000000	 0.804000	0.822816	0.864749	0.984000	 0.196000	 1.000000
0.338333	0.323333	1.000000	 0.806000	0.824624	0.866129	0.984000	 0.194000	 1.000000
0.340000	0.320000	1.000000	 0.808000	0.826432	0.867509	0.984000	 0.192000	 1.000000
0.341667	0.316667	1.000000	 0.810000	0.828240	0.868889	0.984000	 0.190000	 1.000000
0.343333	0.313333	1.000000	 0.812000	0.830048	0.870269	0.984000	 0.188000	 1.000000
0.345000	0.310000	1.000000	 0.814000	0.831856	0.871650	0.984000	 0.186000	 1.000000
0.346667	0.306667	1.000000	 0.816000	0.833664	0.873030	0.984000	 0.184000	 1.000000
0.348333	0.303333	1.000000	 0.818000	0.835472	0.874410	0.984000	 0.182000	 1.000000
0.350000	0.300000	1.000000	 0.820000	0.837280	0.875790	0.984000	 0.180000	 1.000000
0.351667	0.296667	1.000000	 0.822000	0.839088	0.877170	0.984000	 0.178000	 1.000000
0.353333	0.293333	1.000000	 0.824000	0.840896	0.878550	0.984000	 0.176000	 1.000000
0.355000	0.290000	1.000000	 0.826000	0.842704	0.879930	0.984000	 0.174000	 1.000000
0.356667	0.286667	1.000000	 0.828000	0.844512	0.881310	0.984000	 0.172000	 1.000000
0.358333	0.283333	1.000000	 0.830000	0.846320	0.882690	0.984000	 0.170000	 1.000000
0.360000	0.280000	1.000000	 0.832000	0.848128	0.884071	0.984000	 0.168000	 1.000000
0.361667	0.276667	1.000000	 0.834000	0.849936	0.885451	0.984000	 0.166000	 1.000000
0.363333	0.273333	1.000000	 0.836000	0.851744	0.886831	0.984000	 0.164000	 1.000000
0.365000	0.270000	1.000000	 0.838000	0.853552	0.888211	0.984000	 0.162000	 1.000000
0.366667	0.266667	1.000000	 0.840000	0.855360	0.889591	0.984000	 0.160000	 1.000000
0.368333	0.263333	1.000000	 0.842000	0.857168	0.890971	0.984000	 0.158000	 1.000000
0.370000	0.260000	1.000000	 0.844000	0.858976	0.892351	0.984000	 0.156000	 1.000000
0.371667	0.256667	1.000000	 0.846000	0.860784	0.893731	0.984000	 0.154000	 1.000000
0.373333	0.253333	1.000000	 0.848000	0.862592	0.895111	0.984000	 0.152000	 1.000000
0.375000	0.250000	1.000000	 0.850000	0.864400	0.896492	0.984000	 0.150000	 1.000000
0.376667	0.246667	1.000000	 0.852000	0.866208	0.897872	0.984000	 0.148000	 1.000000
0.378333	0.243333	1.000000	 0.854000	0.868016	0.899252	0.984000	 0.146000	 1.000000
0.380000	0.240000	1.000000	 0.856000	0.869824	0.900632	0.984000	 0.144000	 1.000000
0.381667	0.236667	1.000000	 0.858000	0.871632	0.902012	0.984000	 0.142000	 1.000000
0.383333	0.233333	1.000000	 0.860000	0.873440	0.903392	0.984000	 0.140000	 1.000000
0.385000	0.230000	1.000000	 0.862000	0.875248	0.904772	0.984000	 0.138000	 1.000000
0.386667	0.226667	1.000000	 0.864000	0.877056	0.906152	0.984000	 0.136000	 1.000000
0.388333	0.223333	1.000000	 0.866000	0.878864	0.907532	0.984000	 0.134000	 1.000000
0.390000	0.220000	1.000000	 0.868000	0.880672	0.908913	0.984000	 0.132000	 1.000000
0.391667	0.216667	1.000000	 0.870000	0.882480	0.910293	0.984000	 0.130000	 1.000000
0.393333	0.213333	1.000000	 0.872000	0.884288	0.911673	0.984000	 0.128000	 1.000000
0.395000	0.210000	1.000000	 0.874000	0.886096	0.913053	0.984000	 0.126000	 1.000000
0.396667	0.206667	1.000000	 0.876000	0.887904	0.914433	0.984000	 0.124000	 1.000000
0.398333	0.203333	1.000000	 0.878000	0.889712	0.915813	0.984000	 0.122000	 1.000000
0.400000	0.200000	1.000000	 0.880000	0.891520	0.917193	0.984000	 0.120000	 1.000000
0.401667	0.196667	1.000000	 0.882000	0.893328	0.918573	0.984000	 0.118000	 1.000000
0.403333	0.193333	1.000000	 0.884000	0.895136	0.919954	0.984000	 0.116000	 1.000000
0.405000	0.190000	1.000000	 0.886000	0.896944	0.921334	0.984000	 0.114000	 1.000000
0.406667	0.186667	1.000000	 0.888000	0.898752	0.922714	0.984000	 0.112000	 1.000000
0.408333	0.183333	1.000000	 0.890000	0.900560	0.924094	0.984000	 0.110000	 1.000000
0.410000	0.180000	1.000000	 0.892000	0.902368	0.925474	0.984000	 0.108000	 1.000000
0.411667	0.176667	1.000000	 0.894000	0.904176	0.926854	0.984000	 0.106000	 1.000000
0.413333	0.173333	1.000000	 0.896000	0.905984	0.928234	0.984000	 0.104000	 1.000000
0.415000	0.170000	1.000000	 0.898000	0.907792	0.929614	0.984000	 0.102000	 1.000000
0.416667	0.166667	1.000000	 0.900000	0.909600	0.930994	0.984000	 0.100000	 1.000000
0.418333	0.163333	1.000000	 0.902000	0.911408	0.932375	0.984000	 0.098000	 1.000000
0.420000	0.160000	1.000000	 0.904000	0.913216	0.933755	0.984000	 0.096000	 1.000000
0.421667	0.156667	1.000000	 0.906000	0.915024	0.935135	0.984000	 0.094000	 1.000000
0.423333	0.153333	1.000000	 0.908000	0.916832	0.936515	0.984000	 0.092000	 1.000000
0.425000	0.150000	1.000000	 0.910000	0.918640	0.937895	0.984000	 0.090000	 1.000000
0.426667	0.146667	1.000000	 0.912000	0.920448	0.939275	0.984000	 0.088000	 1.000000
0.428333	0.143333	1.000000	 0.914000	0.922256	0.940655	0.984000	 0.086000	 1.000000
0.430000	0.140000	1.000000	 0.916000	0.924064	0.942035	0.984000	 0.084000	 1.000000
0.431667	0.136667	1.000000	 0.918000	0.925872	0.943415	0.984000	 0.082000	 1.000000
0.433333	0.133333	1.000000	 0.920000	0.927680	0.944796	0.984000	 0.080000	 1.000000
0.435000	0.130000	1.000000	 0.922000	0.929488	0.946176	0.984000	 0.078000	 1.000000
0.436667	0.126667	1.000000	 0.924000	0.931296	0.947556	0.984000	 0.076000	 1.000000
0.438333	0.123333	1.000000	 0.926000	0.933104	0.948936	0.984000	 0.074000	 1.000000
0.440000	0.120000	1.000000	 0.928000	0.934912	0.950316	0.984000	 0.072000	 1.000000
0.441667	0.116667	1.000000	 0.930000	0.936720	0.951696	0.984000	 0.070000	 1.000000
0.443333	0.113333	1.000000	 0.932000	0.938528	0.953076	0.984000	 0.068000	 1.000000
0.445000	0.110000	1.000000	 0.934000	0.940336	0.954456	0.984000	 0.066000	 1.000000
0.446667	0.106667	1.000000	 0.936000	0.942144	0.955836	0.984000	 0.064000	 1.000000
0.448333	0.103333	1.000000	 0.938000	0.943952	0.957217	0.984000	 0.062000	 1.000000
0.450000	0.100000	1.000000	 0.940000	0.945760	0.958597	0.984000	 0.060000	 1.000000
0.451667	0.096667	1.000000	 0.942000	0.947568	0.959977	0.984000	 0.058000	 1.000000
0.453333	0.093333	1.000000	 0.944000	0.949376	0.961357	0.984000	 0.056000	 1.000000
0.455000	0.090000	1.000000	 0.946000	0.951184	0.962737	0.984000	 0.054000	 1.000000
0.456667	0.086667	1.000000	 0.948000	0.952992	0.964117	0.984000	 0.052000	 1.000000
0.458333	0.083333	1.000000	 0.950000	0.954800	0.965497	0.984000	 0.050000	 1.000000
0.460000	0.080000	1.000000	 0.952000	0.956608	0.966877	0.984000	 0.048000	 1.000000
0.461667	0.076667	1.000000	 0.954000	0.958416	0.968257	0.984000	 0.046000	 1.000000
0.463333	0.073333	1.000000	 0.956000	0.960224	0.969638	0.984000	 0.044000	 1.000000
0.465000	0.070000	1.000000	 0.958000	0.962032	0.971018	0.984000	 0.042000	 1.000000
0.466667	0.066667	1.000000	 0.960000	0.963840	0.972398	0.984000	 0.040000	 1.000000
0.468333	0.063333	1.000000	 0.962000	0.965648	0.973778	0.984000	 0.038000	 1.000000
0.470000	0.060000	1.000000	 0.964000	0.967456	0.975158	0.984000	 0.036000	 1.000000
0.471667	0.056667	1.000000	 0.966000	0.969264	0.976538	0.984000	 0.034000	 1.000000
0.473333	0.053333	1.000000	 0.968000	0.971072	0.977918	0.984000	 0.032000	 1.000000
0.475000	0.050000	1.000000	 0.970000	0.972880	0.979298	0.984000	 0.030000	 1.000000
0.476667	0.046667	1.000000	 0.972000	0.974688	0.980678	0.984000	 0.028000	 1.000000
0.478333	0.043333	1.000000	 0.974000	0.976496	0.982059	0.984000	 0.026000	 1.000000
0.480000	0.040000	1.000000	 0.976000	0.978304	0.983439	0.984000	 0.024000	 1.000000
0.481667	0.036667	1.000000	 0.978000	0.980112	0.984819	0.984000	 0.022000	 1.000000
0.483333	0.033333	1.000000	 0.980000	0.981920	0.986199	0.984000	 0.020000	 1.000000
0.485000	0.030000	1.000000	 0.982000	0.983728	0.987579	0.984000	 0.018000	 1.000000
0.486667	0.026667	1.000000	 0.984000	0.985536	0.988959	0.984000	 0.016000	 1.000000
0.488333	0.023333	1.000000	 0.986000	0.987344	0.990339	0.984000	 0.014000	 1.000000
0.490000	0.020000	1.000000	 0.988000	0.989152	0.991719	0.984000	 0.012000	 1.000000
0.491667	0.016667	1.000000	 0.990000	0.990960	0.993099	0.984000	 0.010000	 1.000000
0.493333	0.013333	1.000000	 0.992000	0.992768	0.994480	0.984000	 0.008000	 1.000000
0.495000	0.010000	1.000000	 0.994000	0.994576	0.995860	0.984000	 0.006000	 1.000000
0.496667	0.006667	1.000000	 0.996000	0.996384	0.997240	0.984000	 0.004000	 1.000000
0.498333	0.003333	1.000000	 0.998000	0.998192	0.998620	0.984000	 0.002000	 1.000000
0.500000	0.000000	1.000000	 1.000000	1.000000	1.000000	0.984000	 0.000000	 1.000000
0.501667	0.003333	0.998000	 1.000000	0.999808	0.999380	0.484000	 0.002000	 1.000000
0.503333	0.006667	0.996000	 1.000000	0.999616	0.998760	0.484000	 0.004000	 1.000000
0.505000	0.010000	0.994000	 1.000000	0.999424	0.998140	0.484000	 0.006000	 1.000000
0.506667	0.013333	0.992000	 1.000000	0.999232	0.997520	0.484000	 0.008000	 1.000000
0.508333	0.016667	0.990000	 1.000000	0.999040	0.996901	0.484000	 0.010000	 1.000000
0.510000	0.020000	0.988000	 1.000000	0.998848	0.996281	0.484000	 0.012000	 1.000000
0.511667	0.023333	0.986000	 1.000000	0.998656	0.995661	0.484000	 0.014000	 1.000000
0.513333	0.026667	0.984000	 1.000000	0.998464	0.995041	0.484000	 0.016000	 1.000000
0.515000	0.030000	0.982000	 1.000000	0.998272	0.994421	0.484000	 0.018000	 1.000000
0.516667	0.033333	0.980000	 1.000000	0.998080	0.993801	0.484000	 0.020000	 1.000000
0.518333	0.036667	0.978000	 1.000000	0.997888	0.993181	0.484000	 0.022000	 1.000000
0.520000	0.040000	0.976000	 1.000000	0.997696	0.992561	0.484000	 0.024000	 1.000000
0.521667	0.043333	0.974000	 1.000000	0.997504	0.991941	0.484000	 0.026000	 1.000000
0.523333	0.046667	0.972000	 1.000000	0.997312	0.991322	0.484000	 0.028000	 1.000000
0.525000	0.050000	0.970000	 1.000000	0.997120	0.990702	0.484000	 0.030000	 1.000000
0.526667	0.053333	0.968000	 1.000000	0.996928	0.990082	0.484000	 0.032000	 1.000000
0.528333	0.056667	0.966000	 1.000000	0.996736	0.989462	0.484000	 0.034000	 1.000000
0.530000	0.060000	0.964000	 1.000000	0.996544	0.988842	0.484000	 0.036000	 1.000000
0.531667	0.063333	0.962000	 1.000000	0.996352	0.988222	0.484000	 0.038000	 1.000000
0.533333	0.066667	0.960000	 1.000000	0.996160	0.987602	0.484000	 0.040000	 1.000000
0.535000	0.070000	0.958000	 1.000000	0.995968	0.986982	0.484000	 0.042000	 1.000000
0.536667	0.073333	0.956000	 1.000000	0.995776	0.986362	0.484000	 0.044000	 1.000000
0.538333	0.076667	0.954000	 1.000000	0.995584	0.985743	0.484000	 0.046000	 1.000000
0.540000	0.080000	0.952000	 1.000000	0.995392	0.985123	0.484000	 0.048000	 1.000000
0.541667	0.083333	0.950000	 1.000000	0.995200	0.984503	0.484000	 0.050000	 1.000000
0.543333	0.086667	0.948000	 1.000000	0.995008	0.983883	0.484000	 0.052000	 1.000000
0.545000	0.090000	0.946000	 1.000000	0.994816	0.983263	0.484000	 0.054000	 1.000000
0.546667	0.093333	0.944000	 1.000000	0.994624	0.982643	0.484000	 0.056000	 1.000000
0.548333	0.096667	0.942000	 1.000000	0.994432	0.982023	0.484000	 0.058000	 1.000000
0.550000	0.100000	0.940000	 1.000000	0.994240	0.981403	0.484000	 0.060000	 1.000000
0.551667	0.103333	0.938000	 1.000000	0.994048	0.980783	0.484000	 0.062000	 1.000000
0.553333	0.106667	0.936000	 1.000000	0.993856	0.980164	0.484000	 0.064000	 1.000000
0.555000	0.110000	0.934000	 1.000000	0.993664	0.979544	0.484000	 0.066000	 1.000000
0.556667	0.113333	0.932000	 1.000000	0.993472	0.978924	0.484000	 0.068000	 1.000000
0.558333	0.116667	0.930000	 1.000000	0.993280	0.978304	0.484000	 0.070000	 1.000000
0.560000	0.120000	0.928000	 1.000000	0.993088	0.977684	0.484000	 0.072000	 1.000000
0.561667	0.123333	0.926000	 1.000000	0.992896	0.977064	0.484000	 0.074000	 1.000000
0.563333	0.126667	0.924000	 1.000000	0.992704	0.976444	0.484000	 0.076000	 1.000000
0.565000	0.130000	0.922000	 1.000000	0.992512	0.975824	0.484000	 0.078000	 1.000000
0.566667	0.133333	0.920000	 1.000000	0.992320	0.975204	0.484000	 0.080000	 1.000000
0.568333	0.136667	0.918000	 1.000000	0.992128	0.974585	0.484000	 0.082000	 1.000000
0.570000	0.140000	0.916000	 1.000000	0.991936	0.973965	0.484000	 0.084000	 1.000000
0.571667	0.143333	0.914000	 1.000000	0.991744	0.973345	0.484000	 0.086000	 1.000000
0.573333	0.146667	0.912000	 1.000000	0.991552	0.972725	0.484000	 0.088000	 1.000000
0.575000	0.150000	0.910000	 1.000000	0.991360	0.972105	0.484000	 0.090000	 1.000000
0.576667	0.153333	0.908000	 1.000000	0.991168	0.971485	0.484000	 0.092000	 1.000000
0.578333	0.156667	0.906000	 1.000000	0.990976	0.970865	0.484000	 0.094000	 1.000000
0.580000	0.160000	0.904000	 1.000000	0.990784	0.970245	0.484000	 0.096000	 1.000000
0.581667	0.163333	0.902000	 1.000000	0.990592	0.969625	0.484000	 0.098000	 1.000000
0.583333	0.166667	0.900000	 1.000000	0.990400	0.969006	0.484000	 0.100000	 1.000000
0.585000	0.170000	0.898000	 1.000000	0.990208	0.968386	0.484000	 0.102000	 1.000000
0.586667	0.173333	0.896000	 1.000000	0.990016	0.967766	0.484000	 0.104000	 1.000000
0.588333	0.176667	0.894000	 1.000000	0.989824	0.967146	0.484000	 0.106000	 1.000000
0.590000	0.180000	0.892000	 1.000000	0.989632	0.966526	0.484000	 0.108000	 1.000000
0.591667	0.183333	0.890000	 1.000000	0.989440	0.965906	0.484000	 0.110000	 1.000000
0.593333	0.186667	0.888000	 1.000000	0.989248	0.965286	0.484000	 0.112000	 1.000000
0.595000	0.190000	0.886000	 1.000000	0.989056	0.964666	0.484000	 0.114000	 1.000000
0.596667	0.193333	0.884000	 1.000000	0.988864	0.964046	0.484000	 0.116000	 1.000000
0.598333	0.196667	0.882000	 1.000000	0.988672	0.963427	0.484000	 0.118000	 1.000000
0.600000	0.200000	0.880000	 1.000000	0.988480	0.962807	0.484000	 0.120000	 1.000000
0.601667	0.203333	0.878000	 1.000000	0.988288	0.962187	0.484000	 0.122000	 1.000000
0.603333	0.206667	0.876000	 1.000000	0.988096	0.961567	0.484000	 0.124000	 1.000000
0.605000	0.210000	0.874000	 1.000000	0.987904	0.960947	0.484000	 0.126000	 1.000000
0.606667	0.213333	0.872000	 1.000000	0.987712	0.960327	0.484000	 0.128000	 1.000000
0.608333	0.216667	0.870000	 1.000000	0.987520	0.959707	0.484000	 0.130000	 1.000000
0.610000	0.220000	0.868000	 1.000000	0.987328	0.959087	0.484000	 0.132000	 1.000000
0.611667	0.223333	0.866000	 1.000000	0.987136	0.958468	0.484000	 0.134000	 1.000000
0.613333	0.226667	0.864000	 1.000000	0.986944	0.957848	0.484000	 0.136000	 1.000000
0.615000	0.230000	0.862000	 1.000000	0.986752	0.957228	0.484000	 0.138000	 1.000000
0.616667	0.233333	0.860000	 1.000000	0.986560	0.956608	0.484000	 0.140000	 1.000000
0.618333	0.236667	0.858000	 1.000000	0.986368	0.955988	0.484000	 0.142000	 1.000000
0.620000	0.240000	0.856000	 1.000000	0.986176	0.955368	0.484000	 0.144000	 1.000000
0.621667	0.243333	0.854000	 1.000000	0.985984	0.954748	0.484000	 0.146000	 1.000000
0.623333	0.246667	0.852000	 1.000000	0.985792	0.954128	0.484000	 0.148000	 1.000000
0.625000	0.250000	0.850000	 1.000000	0.985600	0.953508	0.484000	 0.150000	 1.000000
0.626667	0.253333	0.848000	 1.000000	0.985408	0.952889	0.484000	 0.152000	 1.000000
0.628333	0.256667	0.846000	 1.000000	0.985216	0.952269	0.484000	 0.154000	 1.000000
0.630000	0.260000	0.844000	 1.000000	0.985024	0.951649	0.484000	 0.156000	 1.000000
0.631667	0.263333	0.842000	 1.000000	0.984832	0.951029	0.484000	 0.158000	 1.000000
0.633333	0.266667	0.840000	 1.000000	0.984640	0.950409	0.484000	 0.160000	 1.000000
0.635000	0.270000	0.838000	 1.000000	0.984448	0.949789	0.484000	 0.162000	 1.000000
0.636667	0.273333	0.836000	 1.000000	0.984256	0.949169	0.484000	 0.164000	 1.000000
0.638333	0.276667	0.834000	 1.000000	0.984064	0.948549	0.484000	 0.166000	 1.000000
0.640000	0.280000	0.832000	 1.000000	0.983872	0.947929	0.484000	 0.168000	 1.000000
0.641667	0.283333	0.830000	 1.000000	0.983680	0.947310	0.484000	 0.170000	 1.000000
0.643333	0.286667	0.828000	 1.000000	0.983488	0.946690	0.484000	 0.172000	 1.000000
0.645000	0.290000	0.826000	 1.000000	0.983296	0.946070	0.484000	 0.174000	 1.000000
0.646667	0.293333	0.824000	 1.000000	0.983104	0.945450	0.484000	 0.176000	 1.000000
0.648333	0.296667	0.822000	 1.000000	0.982912	0.944830	0.484000	 0.178000	 1.000000
0.650000	0.300000	0.820000	 1.000000	0.982720	0.944210	0.484000	 0.180000	 1.000000
0.651667	0.303333	0.818000	 1.000000	0.982528	0.943590	0.484000	 0.182000	 1.000000
0.653333	0.306667	0.816000	 1.000000	0.982336	0.942970	0.484000	 0.184000	 1.000000
0.655000	0.310000	0.814000	 1.000000	0.982144	0.942350	0.484000	 0.186000	 1.000000
0.656667	0.313333	0.812000	 1.000000	0.981952	0.941731	0.484000	 0.188000	 1.000000
0.658333	0.316667	0.810000	 1.000000	0.981760	0.941111	0.484000	 0.190000	 1.000000
0.660000	0.320000	0.808000	 1.000000	0.981568	0.940491	0.484000	 0.192000	 1.000000
0.661667	0.323333	0.806000	 1.000000	0.981376	0.939871	0.484000	 0.194000	 1.000000
0.663333	0.326667	0.804000	 1.000000	0.981184	0.939251	0.484000	 0.196000	 1.000000
0.665000	0.330000	0.802000	 1.000000	0.980992	0.938631	0.484000	 0.198000	 1.000000
0.666667	0.333333	0.800000	 1.000000	0.980800	0.938011	0.484000	 0.200000	 1.000000
0.668333	0.336667	0.798000	 1.000000	0.980608	0.937391	0.484000	 0.202000	 1.000000
0.670000	0.340000	0.796000	 1.000000	0.980416	0.936771	0.484000	 0.204000	 1.000000
0.671667	0.343333	0.794000	 1.000000	0.980224	0.936152	0.484000	 0.206000	 1.000000
0.673333	0.346667	0.792000	 1.000000	0.980032	0.935532	0.484000	 0.208000	 1.000000
0.675000	0.350000	0.790000	 1.000000	0.979840	0.934912	0.484000	 0.210000	 1.000000
0.676667	0.353333	0.788000	 1.000000	0.979648	0.934292	0.484000	 0.212000	 1.000000
0.678333	0.356667	0.786000	 1.000000	0.979456	0.933672	0.484000	 0.214000	 1.000000
0.680000	0.360000	0.784000	 1.000000	0.979264	0.933052	0.484000	 0.216000	 1.000000
0.681667	0.363333	0.782000	 1.000000	0.979072	0.932432	0.484000	 0.218000	 1.000000
0.683333	0.366667	0.780000	 1.000000	0.978880	0.931812	0.484000	 0.220000	 1.000000
0.685000	0.370000	0.778000	 1.000000	0.978688	0.931192	0.484000	 0.222000	 1.000000
0.686667	0.373333	0.776000	 1.000000	0.978496	0.930573	0.484000	 0.224000	 1.000000
0.688333	0.376667	0.774000	 1.000000	0.978304	0.929953	0.484000	 0.226000	 1.000000
0.690000	0.380000	0.772000	 1.000000	0.978112	0.929333	0.484000	 0.228000	 1.000000
0.691667	0.383333	0.770000	 1.000000	0.977920	0.928713	0.484000	 0.230000	 1.000000
0.693333	0.386667	0.768000	 1.000000	0.977728	0.928093	0.484000	 0.232000	 1.000000
0.695000	0.390000	0.766000	 1.000000	0.977536	0.927473	0.484000	 0.234000	 1.000000
0.696667	0.393333	0.764000	 1.000000	0.977344	0.926853	0.484000	 0.236000	 1.000000
0.698333	0.396667	0.762000	 1.000000	0.977152	0.926233	0.484000	 0.238000	 1.000000
0.700000	0.400000	0.760000	 1.000000	0.976960	0.925613	0.484000	 0.240000	 1.000000
0.701667	0.403333	0.758000	 1.000000	0.976768	0.924994	0.484000	 0.242000	 1.000000
0.703333	0.406667	0.756000	 1.000000	0.976576	0.924374	0.484000	 0.244000	 1.000000
0.705000	0.410000	0.754000	 1.000000	0.976384	0.923754	0.484000	 0.246000	 1.000000
0.706667	0.413333	0.752000	 1.000000	0.976192	0.923134	0.484000	 0.248000	 1.000000
0.708333	0.416667	0.750000	 1.000000	0.976000	0.922514	0.484000	 0.250000	 1.000000
0.710000	0.420000	0.748000	 1.000000	0.975808	0.921894	0.484000	 0.252000	 1.000000
0.711667	0.423333	0.746000	 1.000000	0.975616	0.921274	0.484000	 0.254000	 1.000000
0.713333	0.426667	0.744000	 1.000000	0.975424	0.920654	0.484000	 0.256000	 1.000000
0.715000	0.430000	0.742000	 1.000000	0.975232	0.920034	0.484000	 0.258000	 1.000000
0.716667	0.433333	0.740000	 1.000000	0.975040	0.919415	0.484000	 0.260000	 1.000000
0.718333	0.436667	0.738000	 1.000000	0.974848	0.918795	0.484000	 0.262000	 1.000000
0.720000	0.440000	0.736000	 1.000000	0.974656	0.918175	0.484000	 0.264000	 1.000000
0.721667	0.443333	0.734000	 1.000000	0.974464	0.917555	0.484000	 0.266000	 1.000000
0.723333	0.446667	0.732000	 1.000000	0.974272	0.916935	0.484000	 0.268000	 1.000000
0.725000	0.450000	0.730000	 1.000000	0.974080	0.916315	0.484000	 0.270000	 1.000000
0.726667	0.453333	0.728000	 1.000000	0.973888	0.915695	0.484000	 0.272000	 1.000000
0.728333	0.456667	0.726000	 1.000000	0.973696	0.915075	0.484000	 0.274000	 1.000000
0.730000	0.460000	0.724000	 1.000000	0.973504	0.914455	0.484000	 0.276000	 1.000000
0.731667	0.463333	0.722000	 1.000000	0.973312	0.913836	0.484000	 0.278000	 1.000000
0.733333	0.466667	0.720000	 1.000000	0.973120	0.913216	0.484000	 0.280000	 1.000000
0.735000	0.470000	0.718000	 1.000000	0.972928	0.912596	0.484000	 0.282000	 1.000000
0.736667	0.473333	0.716000	 1.000000	0.972736	0.911976	0.484000	 0.284000	 1.000000
0.738333	0.476667	0.714000	 1.000000	0.972544	0.911356	0.484000	 0.286000	 1.000000
0.740000	0.480000	0.712000	 1.000000	0.972352	0.910736	0.484000	 0.288000	 1.000000
0.741667	0.483333	0.710000	 1.000000	0.972160	0.910116	0.484000	 0.290000	 1.000000
0.743333	0.486667	0.708000	 1.000000	0.971968	0.909496	0.484000	 0.292000	 1.000000
0.745000	0.490000	0.706000	 1.000000	0.971776	0.908876	0.484000	 0.294000	 1.000000
0.746667	0.493333	0.704000	 1.000000	0.971584	0.908257	0.484000	 0.296000	 1.000000
0.748333	0.496667	0.702000	 1.000000	0.971392	0.907637	0.484000	 0.298000	 1.000000
0.750000	0.500000	0.700000	 1.000000	0.971200	0.907017	0.484000	 0.300000	 1.000000
0.751667	0.503333	0.698000	 1.000000	0.971008	0.906397	0.484000	 0.302000	 1.000000
0.753333	0.506667	0.696000	 1.000000	0.970816	0.905777	0.484000	 0.304000	 1.000000
0.755000	0.510000	0.694000	 1.000000	0.970624	0.905157	0.484000	 0.306000	 1.000000
0.756667	0.513333	0.692000	 1.000000	0.970432	0.904537	0.484000	 0.308000	 1.000000
0.758333	0.516667	0.690000	 1.000000	0.970240	0.903917	0.484000	 0.310000	 1.000000
0.760000	0.520000	0.688000	 1.000000	0.970048	0.903297	0.484000	 0.312000	 1.000000
0.761667	0.523333	0.686000	 1.000000	0.969856	0.902678	0.484000	 0.314000	 1.000000
0.763333	0.526667	0.684000	 1.000000	0.969664	0.902058	0.484000	 0.316000	 1.000000
0.765000	0.530000	0.682000	 1.000000	0.969472	0.901438	0.484000	 0.318000	 1.000000
0.766667	0.533333	0.680000	 1.000000	0.969280	0.900818	0.484000	 0.320000	 1.000000
0.768333	0.536667	0.678000	 1.000000	0.969088	0.900198	0.484000	 0.322000	 1.000000
0.770000	0.540000	0.676000	 1.000000	0.968896	0.899578	0.484000	 0.324000	 1.000000
0.771667	0.543333	0.674000	 1.000000	0.968704	0.898958	0.484000	 0.326000	 1.000000
0.773333	0.546667	0.672000	 1.000000	0.968512	0.898338	0.484000	 0.328000	 1.000000
0.775000	0.550000	0.670000	 1.000000	0.968320	0.897718	0.484000	 0.330000	 1.000000
0.776667	0.553333	0.668000	 1.000000	0.968128	0.897099	0.484000	 0.332000	 1.000000
0.778333	0.556667	0.666000	 1.000000	0.967936	0.896479	0.484000	 0.334000	 1.000000
0.780000	0.560000	0.664000	 1.000000	0.967744	0.895859	0.484000	 0.336000	 1.000000
0.781667	0.563333	0.662000	 1.000000	0.967552	0.895239	0.484000	 0.338000	 1.000000
0.783333	0.566667	0.660000	 1.000000	0.967360	0.894619	0.484000	 0.340000	 1.000000
0.785000	0.570000	0.658000	 1.000000	0.967168	0.893999	0.484000	 0.342000	 1.000000
0.786667	0.573333	0.656000	 1.000000	0.966976	0.893379	0.484000	 0.344000	 1.000000
0.788333	0.576667	0.654000	 1.000000	0.966784	0.892759	0.484000	 0.346000	 1.000000
0.790000	0.580000	0.652000	 1.000000	0.966592	0.892139	0.484000	 0.348000	 1.000000
0.791667	0.583333	0.650000	 1.000000	0.966400	0.891520	0.484000	 0.350000	 1.000000
0.793333	0.586667	0.648000	 1.000000	0.966208	0.890900	0.484000	 0.352000	 1.000000
0.795000	0.590000	0.646000	 1.000000	0.966016	0.890280	0.484000	 0.354000	 1.000000
0.796667	0.593333	0.644000	 1.000000	0.965824	0.889660	0.484000	 0.356000	 1.000000
0.798333	0.596667	0.642000	 1.000000	0.965632	0.889040	0.484000	 0.358000	 1.000000
0.800000	0.600000	0.640000	 1.000000	0.965440	0.888420	0.484000	 0.360000	 1.000000
0.801667	0.603333	0.638000	 1.000000	0.965248	0.887800	0.484000	 0.362000	 1.000000
0.803333	0.606667	0.636000	 1.000000	0.965056	0.887180	0.484000	 0.364000	 1.000000
0.805000	0.610000	0.634000	 1.000000	0.964864	0.886560	0.484000	 0.366000	 1.000000
0.806667	0.613333	0.632000	 1.000000	0.964672	0.885941	0.484000	 0.368000	 1.000000
0.808333	0.616667	0.630000	 1.000000	0.964480	0.885321	0.484000	 0.370000	 1.000000
0.810000	0.620000	0.628000	 1.000000	0.964288	0.884701	0.484000	 0.372000	 1.000000
0.811667	0.623333	0.626000	 1.000000	0.964096	0.884081	0.484000	 0.374000	 1.000000
0.813333	0.626667	0.624000	 1.000000	0.963904	0.883461	0.484000	 0.376000	 1.000000
0.815000	0.630000	0.622000	 1.000000	0.963712	0.882841	0.484000	 0.378000	 1.000000
0.816667	0.633333	0.620000	 1.000000	0.963520	0.882221	0.484000	 0.380000	 1.000000
0.818333	0.636667	0.618000	 1.000000	0.963328	0.881601	0.484000	 0.382000	 1.000000
0.820000	0.640000	0.616000	 1.000000	0.963136	0.880982	0.484000	 0.384000	 1.000000
0.821667	0.643333	0.614000	 1.000000	0.962944	0.880362	0.484000	 0.386000	 1.000000
0.823333	0.646667	0.612000	 1.000000	0.962752	0.879742	0.484000	 0.388000	 1.000000
0.825000	0.650000	0.610000	 1.000000	0.962560	0.879122	0.484000	 0.390000	 1.000000
0.826667	0.653333	0.608000	 1.000000	0.962368	0.878502	0.484000	 0.392000	 1.000000
0.828333	0.656667	0.606000	 1.000000	0.962176	0.877882	0.484000	 0.394000	 1.000000
0.830000	0.660000	0.604000	 1.000000	0.961984	0.877262	0.484000	 0.396000	 1.000000
0.831667	0.663333	0.602000	 1.000000	0.961792	0.876642	0.484000	 0.398000	 1.000000
0.833333	0.666667	0.600000	 1.000000	0.961600	0.876022	0.484000	 0.400000	 1.000000
0.835000	0.670000	0.598000	 1.000000	0.961408	0.875403	0.484000	 0.402000	 1.000000
0.836667	0.673333	0.596000	 1.000000	0.961216	0.874783	0.484000	 0.404000	 1.000000
0.838333	0.676667	0.594000	 1.000000	0.961024	0.874163	0.484000	 0.406000	 1.000000
0.840000	0.680000	0.592000	 1.000000	0.960832	0.873543	0.484000	 0.408000	 1.000000
0.841667	0.683333	0.590000	 1.000000	0.960640	0.872923	0.484000	 0.410000	 1.000000
0.843333	0.686667	0.588000	 1.000000	0.960448	0.872303	0.484000	 0.412000	 1.000000
0.845000	0.690000	0.586000	 1.000000	0.960256	0.871683	0.484000	 0.414000	 1.000000
0.846667	0.693333	0.584000	 1.000000	0.960064	0.871063	0.484000	 0.416000	 1.000000
0.848333	0.696667	0.582000	 1.000000	0.959872	0.870443	0.484000	 0.418000	 1.000000
0.850000	0.700000	0.580000	 1.000000	0.959680	0.869824	0.484000	 0.420000	 1.000000
0.851667	0.703333	0.578000	 1.000000	0.959488	0.869204	0.484000	 0.422000	 1.000000
0.853333	0.706667	0.576000	 1.000000	0.959296	0.868584	0.484000	 0.424000	 1.000000
0.855000	0.710000	0.574000	 1.000000	0.959104	0.867964	0.484000	 0.426000	 1.000000
0.856667	0.713333	0.572000	 1.000000	0.958912	0.867344	0.484000	 0.428000	 1.000000
0.858333	0.716667	0.570000	 1.000000	0.958720	0.866724	0.484000	 0.430000	 1.000000
0.860000	0.720000	0.568000	 1.000000	0.958528	0.866104	0.484000	 0.432000	 1.000000
0.861667	0.723333	0.566000	 1.000000	0.958336	0.865484	0.484000	 0.434000	 1.000000
0.863333	0.726667	0.564000	 1.000000	0.958144	0.864864	0.484000	 0.436000	 1.000000
0.865000	0.730000	0.562000	 1.000000	0.957952	0.864245	0.484000	 0.438000	 1.000000
0.866667	0.733333	0.560000	 1.000000	0.957760	0.863625	0.484000	 0.440000	 1.000000
0.868333	0.736667	0.558000	 1.000000	0.957568	0.863005	0.484000	 0.442000	 1.000000
0.870000	0.740000	0.556000	 1.000000	0.957376	0.862385	0.484000	 0.444000	 1.000000
0.871667	0.743333	0.554000	 1.000000	0.957184	0.861765	0.484000	 0.446000	 1.000000
0.873333	0.746667	0.552000	 1.000000	0.956992	0.861145	0.484000	 0.448000	 1.000000
0.875000	0.750000	0.550000	 1.000000	0.956800	0.860525	0.484000	 0.450000	 1.000000
0.876667	0.753333	0.548000	 1.000000	0.956608	0.859905	0.484000	 0.452000	 1.000000
0.878333	0.756667	0.546000	 1.000000	0.956416	0.859285	0.484000	 0.454000	 1.000000
0.880000	0.760000	0.544000	 1.000000	0.956224	0.858666	0.484000	 0.456000	 1.000000
0.881667	0.763333	0.542000	 1.000000	0.956032	0.858046	0.484000	 0.458000	 1.000000
0.883333	0.766667	0.540000	 1.000000	0.955840	0.857426	0.484000	 0.460000	 1.000000
0.885000	0.770000	0.538000	 1.000000	0.955648	0.856806	0.484000	 0.462000	 1.000000
0.886667	0.773333	0.536000	 1.000000	0.955456	0.856186	0.484000	 0.464000	 1.000000
0.888333	0.776667	0.534000	 1.000000	0.955264	0.855566	0.484000	 0.466000	 1.000000
0.890000	0.780000	0.532000	 1.000000	0.955072	0.854946	0.484000	 0.468000	 1.000000
0.891667	0.783333	0.530000	 1.000000	0.954880	0.854326	0.484000	 0.470000	 1.000000
0.893333	0.786667	0.528000	 1.000000	0.954688	0.853706	0.484000	 0.472000	 1.000000
0.895000	0.790000	0.526000	 1.000000	0.954496	0.853087	0.484000	 0.474000	 1.000000
0.896667	0.793333	0.524000	 1.000000	0.954304	0.852467	0.484000	 0.476000	 1.000000
0.898333	0.796667	0.522000	 1.000000	0.954112	0.851847	0.484000	 0.478000	 1.000000
0.900000	0.800000	0.520000	 1.000000	0.953920	0.851227	0.484000	 0.480000	 1.000000
0.901667	0.803333	0.518000	 1.000000	0.953728	0.850607	0.484000	 0.482000	 1.000000
0.903333	0.806667	0.516000	 1.000000	0.953536	0.849987	0.484000	 0.484000	 1.000000
0.905000	0.810000	0.514000	 1.000000	0.953344	0.849367	0.484000	 0.486000	 1.000000
0.906667	0.813333	0.512000	 1.000000	0.953152	0.848747	0.484000	 0.488000	 1.000000
0.908333	0.816667	0.510000	 1.000000	0.952960	0.848127	0.484000	 0.490000	 1.000000
0.910000	0.820000	0.508000	 1.000000	0.952768	0.847508	0.484000	 0.492000	 1.000000
0.911667	0.823333	0.506000	 1.000000	0.952576	0.846888	0.484000	 0.494000	 1.000000
0.913333	0.826667	0.504000	 1.000000	0.952384	0.846268	0.484000	 0.496000	 1.000000
0.915000	0.830000	0.502000	 1.000000	0.952192	0.845648	0.484000	 0.498000	 1.000000
0.916667	0.833333	0.500000	 1.000000	0.952000	0.845028	0.484000	 0.500000	 1.000000
0.918333	0.836667	0.498000	 1.000000	0.951808	0.844408	0.484000	 0.502000	 1.000000
0.920000	0.840000	0.496000	 1.000000	0.951616	0.843788	0.484000	 0.504000	 1.000000
0.921667	0.843333	0.494000	 1.000000	0.951424	0.843168	0.484000	 0.506000	 1.000000
0.923333	0.846667	0.492000	 1.000000	0.951232	0.842548	0.484000	 0.508000	 1.000000
0.925000	0.850000	0.490000	 1.000000	0.951040	0.841929	0.484000	 0.510000	 1.000000
0.926667	0.853333	0.488000	 1.000000	0.950848	0.841309	0.484000	 0.512000	 1.000000
0.928333	0.856667	0.486000	 1.000000	0.950656	0.840689	0.484000	 0.514000	 1.000000
0.930000	0.860000	0.484000	 1.000000	0.950464	0.840069	0.484000	 0.516000	 1.000000
0.931667	0.863333	0.482000	 1.000000	0.950272	0.839449	0.484000	 0.518000	 1.000000
0.933333	0.866667	0.480000	 1.000000	0.950080	0.838829	0.484000	 0.520000	 1.000000
0.935000	0.870000	0.478000	 1.000000	0.949888	0.838209	0.484000	 0.522000	 1.000000
0.936667	0.873333	0.476000	 1.000000	0.949696	0.837589	0.484000	 0.524000	 1.000000
0.938333	0.876667	0.474000	 1.000000	0.949504	0.836969	0.484000	 0.526000	 1.000000
0.940000	0.880000	0.472000	 1.000000	0.949312	0.836350	0.484000	 0.528000	 1.000000
0.941667	0.883333	0.470000	 1.000000	0.949120	0.835730	0.484000	 0.530000	 1.000000
0.943333	0.886667	0.468000	 1.000000	0.948928	0.835110	0.484000	 0.532000	 1.000000
0.945000	0.890000	0.466000	 1.000000	0.948736	0.834490	0.484000	 0.534000	 1.000000
0.946667	0.893333	0.464000	 1.000000	0.948544	0.833870	0.484000	 0.536000	 1.000000
0.948333	0.896667	0.462000	 1.000000	0.948352	0.833250	0.484000	 0.538000	 1.000000
0.950000	0.900000	0.460000	 1.000000	0.948160	0.832630	0.484000	 0.540000	 1.000000
0.951667	0.903333	0.458000	 1.000000	0.947968	0.832010	0.484000	 0.542000	 1.000000
0.953333	0.906667	0.456000	 1.000000	0.947776	0.831390	0.484000	 0.544000	 1.000000
0.955000	0.910000	0.454000	 1.000000	0.947584	0.830771	0.484000	 0.546000	 1.000000
0.956667	0.913333	0.452000	 1.000000	0.947392	0.830151	0.484000	 0.548000	 1.000000
0.958333	0.916667	0.450000	 1.000000	0.947200	0.829531	0.484000	 0.550000	 1.000000
0.960000	0.920000	0.448000	 1.000000	0.947008	0.828911	0.484000	 0.552000	 1.000000
0.961667	0.923333	0.446000	 1.000000	0.946816	0.828291	0.484000	 0.554000	 1.000000
0.963333	0.926667	0.444000	 1.000000	0.946624	0.827671	0.484000	 0.556000	 1.000000
0.965000	0.930000	0.442000	 1.000000	0.946432	0.827051	0.484000	 0.558000	 1.000000
0.966667	0.933333	0.440000	 1.000000	0.946240	0.826431	0.484000	 0.560000	 1.000000
0.968333	0.936667	0.438000	 1.000000	0.946048	0.825811	0.484000	 0.562000	 1.000000
0.970000	0.940000	0.436000	 1.000000	0.945856	0.825192	0.484000	 0.564000	 1.000000
0.971667	0.943333	0.434000	 1.000000	0.945664	0.824572	0.484000	 0.566000	 1.000000
0.973333	0.946667	0.432000	 1.000000	0.945472	0.823952	0.484000	 0.568000	 1.000000
0.975000	0.950000	0.430000	 1.000000	0.945280	0.823332	0.484000	 0.570000	 1.000000
0.976667	0.953333	0.428000	 1.000000	0.945088	0.822712	0.484000	 0.572000	 1.000000
0.978333	0.956667	0.426000	 1.000000	0.944896	0.822092	0.484000	 0.574000	 1.000000
0.980000	0.960000	0.424000	 1.000000	0.944704	0.821472	0.484000	 0.576000	 1.000000
0.981667	0.963333	0.422000	 1.000000	0.944512	0.820852	0.484000	 0.578000	 1.000000
0.983333	0.966667	0.420000	 1.000000	0.944320	0.820232	0.484000	 0.580000	 1.000000
0.985000	0.970000	0.418000	 1.000000	0.944128	0.819613	0.484000	 0.582000	 1.000000
0.986667	0.973333	0.416000	 1.000000	0.943936	0.818993	0.484000	 0.584000	 1.000000
0.988333	0.976667	0.414000	 1.000000	0.943744	0.818373	0.484000	 0.586000	 1.000000
0.990000	0.980000	0.412000	 1.000000	0.943552	0.817753	0.484000	 0.588000	 1.000000
0.991667	0.983333	0.410000	 1.000000	0.943360	0.817133	0.484000	 0.590000	 1.000000
0.993333	0.986667	0.408000	 1.000000	0.943168	0.816513	0.484000	 0.592000	 1.000000
0.995000	0.990000	0.406000	 1.000000	0.942976	0.815893	0.484000	 0.594000	 1.000000
0.996667	0.993333	0.404000	 1.000000	0.942784	0.815273	0.484000	 0.596000	 1.000000
0.998333	0.996667	0.402000	 1.000000	0.942592	0.814653	0.484000	 0.598000	 1.000000
