#p 		 mp		 R 		 G 		B 		Y 	 h	s	v
0.000000	0.000000	1.000000	 1.000000	1.000000	1.000000	1.107000	 0.000000	 1.000000
0.001667	0.001667	1.000000	 0.999642	0.999000	0.999676	1.107000	 0.001000	 1.000000
0.003333	0.003333	1.000000	 0.999284	0.998000	0.999352	1.107000	 0.002000	 1.000000
0.005000	0.005000	1.000000	 0.998926	0.997000	0.999028	1.107000	 0.003000	 1.000000
0.006667	0.006667	1.000000	 0.998568	0.996000	0.998703	1.107000	 0.004000	 1.000000
0.008333	0.008333	1.000000	 0.998210	0.995000	0.998379	1.107000	 0.005000	 1.000000
0.010000	0.010000	1.000000	 0.997852	0.994000	0.998055	1.107000	 0.006000	 1.000000
0.011667	0.011667	1.000000	 0.997494	0.993000	0.997731	1.107000	 0.007000	 1.000000
0.013333	0.013333	1.000000	 0.997136	0.992000	0.997407	1.107000	 0.008000	 1.000000
0.015000	0.015000	1.000000	 0.996778	0.991000	0.997083	1.107000	 0.009000	 1.000000
0.016667	0.016667	1.000000	 0.996420	0.990000	0.996759	1.107000	 0.010000	 1.000000
0.018333	0.018333	1.000000	 0.996062	0.989000	0.996434	1.107000	 0.011000	 1.000000
0.020000	0.020000	1.000000	 0.995704	0.988000	0.996110	1.107000	 0.012000	 1.000000
0.021667	0.021667	1.000000	 0.995346	0.987000	0.995786	1.107000	 0.013000	 1.000000
0.023333	0.023333	1.000000	 0.994988	0.986000	0.995462	1.107000	 0.014000	 1.000000
0.025000	0.025000	1.000000	 0.994630	0.985000	0.995138	1.107000	 0.015000	 1.000000
0.026667	0.026667	1.000000	 0.994272	0.984000	0.994814	1.107000	 0.016000	 1.000000
0.028333	0.028333	1.000000	 0.993914	0.983000	0.994490	1.107000	 0.017000	 1.000000
0.030000	0.030000	1.000000	 0.993556	0.982000	0.994165	1.107000	 0.018000	 1.000000
0.031667	0.031667	1.000000	 0.993198	0.981000	0.993841	1.107000	 0.019000	 1.000000
0.033333	0.033333	1.000000	 0.992840	0.980000	0.993517	1.107000	 0.020000	 1.000000
0.035000	0.035000	1.000000	 0.992482	0.979000	0.993193	1.107000	 0.021000	 1.000000
0.036667	0.036667	1.000000	 0.992124	0.978000	0.992869	1.107000	 0.022000	 1.000000
0.038333	0.038333	1.000000	 0.991766	0.977000	0.992545	1.107000	 0.023000	 1.000000
0.040000	0.040000	1.000000	 0.991408	0.976000	0.992220	1.107000	 0.024000	 1.000000
0.041667	0.041667	1.000000	 0.991050	0.975000	0.991896	1.107000	 0.025000	 1.000000
0.043333	0.043333	1.000000	 0.990692	0.974000	0.991572	1.107000	 0.026000	 1.000000
0.045000	0.045000	1.000000	 0.990334	0.973000	0.991248	1.107000	 0.027000	 1.000000
0.046667	0.046667	1.000000	 0.989976	0.972000	0.990924	1.107000	 0.028000	 1.000000
0.048333	0.048333	1.000000	 0.989618	0.971000	0.990600	1.107000	 0.029000	 1.000000
0.050000	0.050000	1.000000	 0.989260	0.970000	0.990276	1.107000	 0.030000	 1.000000
0.051667	0.051667	1.000000	 0.988902	0.969000	0.989951	1.107000	 0.031000	 1.000000
0.053333	0.053333	1.000000	 0.988544	0.968000	0.989627	1.107000	 0.032000	 1.000000
0.055000	0.055000	1.000000	 0.988186	0.967000	0.989303	1.107000	 0.033000	 1.000000
0.056667	0.056667	1.000000	 0.987828	0.966000	0.988979	1.107000	 0.034000	 1.000000
0.058333	0.058333	1.000000	 0.987470	0.965000	0.988655	1.107000	 0.035000	 1.000000
0.060000	0.060000	1.000000	 0.987112	0.964000	0.988331	1.107000	 0.036000	 1.000000
0.061667	0.061667	1.000000	 0.986754	0.963000	0.988007	1.107000	 0.037000	 1.000000
0.063333	0.063333	1.000000	 0.986396	0.962000	0.987682	1.107000	 0.038000	 1.000000
0.065000	0.065000	1.000000	 0.986038	0.961000	0.987358	1.107000	 0.039000	 1.000000
0.066667	0.066667	1.000000	 0.985680	0.960000	0.987034	1.107000	 0.040000	 1.000000
0.068333	0.068333	1.000000	 0.985322	0.959000	0.986710	1.107000	 0.041000	 1.000000
0.070000	0.070000	1.000000	 0.984964	0.958000	0.986386	1.107000	 0.042000	 1.000000
0.071667	0.071667	1.000000	 0.984606	0.957000	0.986062	1.107000	 0.043000	 1.000000
0.073333	0.073333	1.000000	 0.984248	0.956000	0.985738	1.107000	 0.044000	 1.000000
0.075000	0.075000	1.000000	 0.983890	0.955000	0.985413	1.107000	 0.045000	 1.000000
0.076667	0.076667	1.000000	 0.983532	0.954000	0.985089	1.107000	 0.046000	 1.000000
0.078333	0.078333	1.000000	 0.983174	0.953000	0.984765	1.107000	 0.047000	 1.000000
0.080000	0.080000	1.000000	 0.982816	0.952000	0.984441	1.107000	 0.048000	 1.000000
0.081667	0.081667	1.000000	 0.982458	0.951000	0.984117	1.107000	 0.049000	 1.000000
0.083333	0.083333	1.000000	 0.982100	0.950000	0.983793	1.107000	 0.050000	 1.000000
0.085000	0.085000	1.000000	 0.981742	0.949000	0.983469	1.107000	 0.051000	 1.000000
0.086667	0.086667	1.000000	 0.981384	0.948000	0.983144	1.107000	 0.052000	 1.000000
0.088333	0.088333	1.000000	 0.981026	0.947000	0.982820	1.107000	 0.053000	 1.000000
0.090000	0.090000	1.000000	 0.980668	0.946000	0.982496	1.107000	 0.054000	 1.000000
0.091667	0.091667	1.000000	 0.980310	0.945000	0.982172	1.107000	 0.055000	 1.000000
0.093333	0.093333	1.000000	 0.979952	0.944000	0.981848	1.107000	 0.056000	 1.000000
0.095000	0.095000	1.000000	 0.979594	0.943000	0.981524	1.107000	 0.057000	 1.000000
0.096667	0.096667	1.000000	 0.979236	0.942000	0.981200	1.107000	 0.058000	 1.000000
0.098333	0.098333	1.000000	 0.978878	0.941000	0.980875	1.107000	 0.059000	 1.000000
0.100000	0.100000	1.000000	 0.978520	0.940000	0.980551	1.107000	 0.060000	 1.000000
0.101667	0.101667	1.000000	 0.978162	0.939000	0.980227	1.107000	 0.061000	 1.000000
0.103333	0.103333	1.000000	 0.977804	0.938000	0.979903	1.107000	 0.062000	 1.000000
0.105000	0.105000	1.000000	 0.977446	0.937000	0.979579	1.107000	 0.063000	 1.000000
0.106667	0.106667	1.000000	 0.977088	0.936000	0.979255	1.107000	 0.064000	 1.000000
0.108333	0.108333	1.000000	 0.976730	0.935000	0.978931	1.107000	 0.065000	 1.000000
0.110000	0.110000	1.000000	 0.976372	0.934000	0.978606	1.107000	 0.066000	 1.000000
0.111667	0.111667	1.000000	 0.976014	0.933000	0.978282	1.107000	 0.067000	 1.000000
0.113333	0.113333	1.000000	 0.975656	0.932000	0.977958	1.107000	 0.068000	 1.000000
0.115000	0.115000	1.000000	 0.975298	0.931000	0.977634	1.107000	 0.069000	 1.000000
0.116667	0.116667	1.000000	 0.974940	0.930000	0.977310	1.107000	 0.070000	 1.000000
0.118333	0.118333	1.000000	 0.974582	0.929000	0.976986	1.107000	 0.071000	 1.000000
0.120000	0.120000	1.000000	 0.974224	0.928000	0.976661	1.107000	 0.072000	 1.000000
0.121667	0.121667	1.000000	 0.973866	0.927000	0.976337	1.107000	 0.073000	 1.000000
0.123333	0.123333	1.000000	 0.973508	0.926000	0.976013	1.107000	 0.074000	 1.000000
0.125000	0.125000	1.000000	 0.973150	0.925000	0.975689	1.107000	 0.075000	 1.000000
0.126667	0.126667	1.000000	 0.972792	0.924000	0.975365	1.107000	 0.076000	 1.000000
0.128333	0.128333	1.000000	 0.972434	0.923000	0.975041	1.107000	 0.077000	 1.000000
0.130000	0.130000	1.000000	 0.972076	0.922000	0.974717	1.107000	 0.078000	 1.000000
0.131667	0.131667	1.000000	 0.971718	0.921000	0.974392	1.107000	 0.079000	 1.000000
0.133333	0.133333	1.000000	 0.971360	0.920000	0.974068	1.107000	 0.080000	 1.000000
0.135000	0.135000	1.000000	 0.971002	0.919000	0.973744	1.107000	 0.081000	 1.000000
0.136667	0.136667	1.000000	 0.970644	0.918000	0.973420	1.107000	 0.082000	 1.000000
0.138333	0.138333	1.000000	 0.970286	0.917000	0.973096	1.107000	 0.083000	 1.000000
0.140000	0.140000	1.000000	 0.969928	0.916000	0.972772	1.107000	 0.084000	 1.000000
0.141667	0.141667	1.000000	 0.969570	0.915000	0.972448	1.107000	 0.085000	 1.000000
0.143333	0.143333	1.000000	 0.969212	0.914000	0.972123	1.107000	 0.086000	 1.000000
0.145000	0.145000	1.000000	 0.968854	0.913000	0.971799	1.107000	 0.087000	 1.000000
0.146667	0.146667	1.000000	 0.968496	0.912000	0.971475	1.107000	 0.088000	 1.000000
0.148333	0.148333	1.000000	 0.968138	0.911000	0.971151	1.107000	 0.089000	 1.000000
0.150000	0.150000	1.000000	 0.967780	0.910000	0.970827	1.107000	 0.090000	 1.000000
0.151667	0.151667	1.000000	 0.967422	0.909000	0.970503	1.107000	 0.091000	 1.000000
0.153333	0.153333	1.000000	 0.967064	0.908000	0.970179	1.107000	 0.092000	 1.000000
0.155000	0.155000	1.000000	 0.966706	0.907000	0.969854	1.107000	 0.093000	 1.000000
0.156667	0.156667	1.000000	 0.966348	0.906000	0.969530	1.107000	 0.094000	 1.000000
0.158333	0.158333	1.000000	 0.965990	0.905000	0.969206	1.107000	 0.095000	 1.000000
0.160000	0.160000	1.000000	 0.965632	0.904000	0.968882	1.107000	 0.096000	 1.000000
0.161667	0.161667	1.000000	 0.965274	0.903000	0.968558	1.107000	 0.097000	 1.000000
0.163333	0.163333	1.000000	 0.964916	0.902000	0.968234	1.107000	 0.098000	 1.000000
0.165000	0.165000	1.000000	 0.964558	0.901000	0.967910	1.107000	 0.099000	 1.000000
0.166667	0.166667	1.000000	 0.964200	0.900000	0.967585	1.107000	 0.100000	 1.000000
0.168333	0.168333	1.000000	 0.963842	0.899000	0.967261	1.107000	 0.101000	 1.000000
0.170000	0.170000	1.000000	 0.963484	0.898000	0.966937	1.107000	 0.102000	 1.000000
0.171667	0.171667	1.000000	 0.963126	0.897000	0.966613	1.107000	 0.103000	 1.000000
0.173333	0.173333	1.000000	 0.962768	0.896000	0.966289	1.107000	 0.104000	 1.000000
0.175000	0.175000	1.000000	 0.962410	0.895000	0.965965	1.107000	 0.105000	 1.000000
0.176667	0.176667	1.000000	 0.962052	0.894000	0.965641	1.107000	 0.106000	 1.000000
0.178333	0.178333	1.000000	 0.961694	0.893000	0.965316	1.107000	 0.107000	 1.000000
0.180000	0.180000	1.000000	 0.961336	0.892000	0.964992	1.107000	 0.108000	 1.000000
0.181667	0.181667	1.000000	 0.960978	0.891000	0.964668	1.107000	 0.109000	 1.000000
0.183333	0.183333	1.000000	 0.960620	0.890000	0.964344	1.107000	 0.110000	 1.000000
0.185000	0.185000	1.000000	 0.960262	0.889000	0.964020	1.107000	 0.111000	 1.000000
0.186667	0.186667	1.000000	 0.959904	0.888000	0.963696	1.107000	 0.112000	 1.000000
0.188333	0.188333	1.000000	 0.959546	0.887000	0.963372	1.107000	 0.113000	 1.000000
0.190000	0.190000	1.000000	 0.959188	0.886000	0.963047	1.107000	 0.114000	 1.000000
0.191667	0.191667	1.000000	 0.958830	0.885000	0.962723	1.107000	 0.115000	 1.000000
0.193333	0.193333	1.000000	 0.958472	0.884000	0.962399	1.107000	 0.116000	 1.000000
0.195000	0.195000	1.000000	 0.958114	0.883000	0.962075	1.107000	 0.117000	 1.000000
0.196667	0.196667	1.000000	 0.957756	0.882000	0.961751	1.107000	 0.118000	 1.000000
0.198333	0.198333	1.000000	 0.957398	0.881000	0.961427	1.107000	 0.119000	 1.000000
0.200000	0.200000	1.000000	 0.957040	0.880000	0.961102	1.107000	 0.120000	 1.000000
0.201667	0.201667	1.000000	 0.956682	0.879000	0.960778	1.107000	 0.121000	 1.000000
0.203333	0.203333	1.000000	 0.956324	0.878000	0.960454	1.107000	 0.122000	 1.000000
0.205000	0.205000	1.000000	 0.955966	0.877000	0.960130	1.107000	 0.123000	 1.000000
0.206667	0.206667	1.000000	 0.955608	0.876000	0.959806	1.107000	 0.124000	 1.000000
0.208333	0.208333	1.000000	 0.955250	0.875000	0.959482	1.107000	 0.125000	 1.000000
0.210000	0.210000	1.000000	 0.954892	0.874000	0.959158	1.107000	 0.126000	 1.000000
0.211667	0.211667	1.000000	 0.954534	0.873000	0.958833	1.107000	 0.127000	 1.000000
0.213333	0.213333	1.000000	 0.954176	0.872000	0.958509	1.107000	 0.128000	 1.000000
0.215000	0.215000	1.000000	 0.953818	0.871000	0.958185	1.107000	 0.129000	 1.000000
0.216667	0.216667	1.000000	 0.953460	0.870000	0.957861	1.107000	 0.130000	 1.000000
0.218333	0.218333	1.000000	 0.953102	0.869000	0.957537	1.107000	 0.131000	 1.000000
0.220000	0.220000	1.000000	 0.952744	0.868000	0.957213	1.107000	 0.132000	 1.000000
0.221667	0.221667	1.000000	 0.952386	0.867000	0.956889	1.107000	 0.133000	 1.000000
0.223333	0.223333	1.000000	 0.952028	0.866000	0.956564	1.107000	 0.134000	 1.000000
0.225000	0.225000	1.000000	 0.951670	0.865000	0.956240	1.107000	 0.135000	 1.000000
0.226667	0.226667	1.000000	 0.951312	0.864000	0.955916	1.107000	 0.136000	 1.000000
0.228333	0.228333	1.000000	 0.950954	0.863000	0.955592	1.107000	 0.137000	 1.000000
0.230000	0.230000	1.000000	 0.950596	0.862000	0.955268	1.107000	 0.138000	 1.000000
0.231667	0.231667	1.000000	 0.950238	0.861000	0.954944	1.107000	 0.139000	 1.000000
0.233333	0.233333	1.000000	 0.949880	0.860000	0.954620	1.107000	 0.140000	 1.000000
0.235000	0.235000	1.000000	 0.949522	0.859000	0.954295	1.107000	 0.141000	 1.000000
0.236667	0.236667	1.000000	 0.949164	0.858000	0.953971	1.107000	 0.142000	 1.000000
0.238333	0.238333	1.000000	 0.948806	0.857000	0.953647	1.107000	 0.143000	 1.000000
0.240000	0.240000	1.000000	 0.948448	0.856000	0.953323	1.107000	 0.144000	 1.000000
0.241667	0.241667	1.000000	 0.948090	0.855000	0.952999	1.107000	 0.145000	 1.000000
0.243333	0.243333	1.000000	 0.947732	0.854000	0.952675	1.107000	 0.146000	 1.000000
0.245000	0.245000	1.000000	 0.947374	0.853000	0.952351	1.107000	 0.147000	 1.000000
0.246667	0.246667	1.000000	 0.947016	0.852000	0.952026	1.107000	 0.148000	 1.000000
0.248333	0.248333	1.000000	 0.946658	0.851000	0.951702	1.107000	 0.149000	 1.000000
0.250000	0.250000	1.000000	 0.946300	0.850000	0.951378	1.107000	 0.150000	 1.000000
0.251667	0.251667	1.000000	 0.945942	0.849000	0.951054	1.107000	 0.151000	 1.000000
0.253333	0.253333	1.000000	 0.945584	0.848000	0.950730	1.107000	 0.152000	 1.000000
0.255000	0.255000	1.000000	 0.945226	0.847000	0.950406	1.107000	 0.153000	 1.000000
0.256667	0.256667	1.000000	 0.944868	0.846000	0.950082	1.107000	 0.154000	 1.000000
0.258333	0.258333	1.000000	 0.944510	0.845000	0.949757	1.107000	 0.155000	 1.000000
0.260000	0.260000	1.000000	 0.944152	0.844000	0.949433	1.107000	 0.156000	 1.000000
0.261667	0.261667	1.000000	 0.943794	0.843000	0.949109	1.107000	 0.157000	 1.000000
0.263333	0.263333	1.000000	 0.943436	0.842000	0.948785	1.107000	 0.158000	 1.000000
0.265000	0.265000	1.000000	 0.943078	0.841000	0.948461	1.107000	 0.159000	 1.000000
0.266667	0.266667	1.000000	 0.942720	0.840000	0.948137	1.107000	 0.160000	 1.000000
0.268333	0.268333	1.000000	 0.942362	0.839000	0.947812	1.107000	 0.161000	 1.000000
0.270000	0.270000	1.000000	 0.942004	0.838000	0.947488	1.107000	 0.162000	 1.000000
0.271667	0.271667	1.000000	 0.941646	0.837000	0.947164	1.107000	 0.163000	 1.000000
0.273333	0.273333	1.000000	 0.941288	0.836000	0.946840	1.107000	 0.164000	 1.000000
0.275000	0.275000	1.000000	 0.940930	0.835000	0.946516	1.107000	 0.165000	 1.000000
0.276667	0.276667	1.000000	 0.940572	0.834000	0.946192	1.107000	 0.166000	 1.000000
0.278333	0.278333	1.000000	 0.940214	0.833000	0.945868	1.107000	 0.167000	 1.000000
0.280000	0.280000	1.000000	 0.939856	0.832000	0.945543	1.107000	 0.168000	 1.000000
0.281667	0.281667	1.000000	 0.939498	0.831000	0.945219	1.107000	 0.169000	 1.000000
0.283333	0.283333	1.000000	 0.939140	0.830000	0.944895	1.107000	 0.170000	 1.000000
0.285000	0.285000	1.000000	 0.938782	0.829000	0.944571	1.107000	 0.171000	 1.000000
0.286667	0.286667	1.000000	 0.938424	0.828000	0.944247	1.107000	 0.172000	 1.000000
0.288333	0.288333	1.000000	 0.938066	0.827000	0.943923	1.107000	 0.173000	 1.000000
0.290000	0.290000	1.000000	 0.937708	0.826000	0.943599	1.107000	 0.174000	 1.000000
0.291667	0.291667	1.000000	 0.937350	0.825000	0.943274	1.107000	 0.175000	 1.000000
0.293333	0.293333	1.000000	 0.936992	0.824000	0.942950	1.107000	 0.176000	 1.000000
0.295000	0.295000	1.000000	 0.936634	0.823000	0.942626	1.107000	 0.177000	 1.000000
0.296667	0.296667	1.000000	 0.936276	0.822000	0.942302	1.107000	 0.178000	 1.000000
0.298333	0.298333	1.000000	 0.935918	0.821000	0.941978	1.107000	 0.179000	 1.000000
0.300000	0.300000	1.000000	 0.935560	0.820000	0.941654	1.107000	 0.180000	 1.000000
0.301667	0.301667	1.000000	 0.935202	0.819000	0.941330	1.107000	 0.181000	 1.000000
0.303333	0.303333	1.000000	 0.934844	0.818000	0.941005	1.107000	 0.182000	 1.000000
0.305000	0.305000	1.000000	 0.934486	0.817000	0.940681	1.107000	 0.183000	 1.000000
0.306667	0.306667	1.000000	 0.934128	0.816000	0.940357	1.107000	 0.184000	 1.000000
0.308333	0.308333	1.000000	 0.933770	0.815000	0.940033	1.107000	 0.185000	 1.000000
0.310000	0.310000	1.000000	 0.933412	0.814000	0.939709	1.107000	 0.186000	 1.000000
0.311667	0.311667	1.000000	 0.933054	0.813000	0.939385	1.107000	 0.187000	 1.000000
0.313333	0.313333	1.000000	 0.932696	0.812000	0.939061	1.107000	 0.188000	 1.000000
0.315000	0.315000	1.000000	 0.932338	0.811000	0.938736	1.107000	 0.189000	 1.000000
0.316667	0.316667	1.000000	 0.931980	0.810000	0.938412	1.107000	 0.190000	 1.000000
0.318333	0.318333	1.000000	 0.931622	0.809000	0.938088	1.107000	 0.191000	 1.000000
0.320000	0.320000	1.000000	 0.931264	0.808000	0.937764	1.107000	 0.192000	 1.000000
0.321667	0.321667	1.000000	 0.930906	0.807000	0.937440	1.107000	 0.193000	 1.000000
0.323333	0.323333	1.000000	 0.930548	0.806000	0.937116	1.107000	 0.194000	 1.000000
0.325000	0.325000	1.000000	 0.930190	0.805000	0.936792	1.107000	 0.195000	 1.000000
0.326667	0.326667	1.000000	 0.929832	0.804000	0.936467	1.107000	 0.196000	 1.000000
0.328333	0.328333	1.000000	 0.929474	0.803000	0.936143	1.107000	 0.197000	 1.000000
0.330000	0.330000	1.000000	 0.929116	0.802000	0.935819	1.107000	 0.198000	 1.000000
0.331667	0.331667	1.000000	 0.928758	0.801000	0.935495	1.107000	 0.199000	 1.000000
0.333333	0.333333	1.000000	 0.928400	0.800000	0.935171	1.107000	 0.200000	 1.000000
0.335000	0.335000	1.000000	 0.928042	0.799000	0.934847	1.107000	 0.201000	 1.000000
0.336667	0.336667	1.000000	 0.927684	0.798000	0.934523	1.107000	 0.202000	 1.000000
0.338333	0.338333	1.000000	 0.927326	0.797000	0.934198	1.107000	 0.203000	 1.000000
0.340000	0.340000	1.000000	 0.926968	0.796000	0.933874	1.107000	 0.204000	 1.000000
0.341667	0.341667	1.000000	 0.926610	0.795000	0.933550	1.107000	 0.205000	 1.000000
0.343333	0.343333	1.000000	 0.926252	0.794000	0.933226	1.107000	 0.206000	 1.000000
0.345000	0.345000	1.000000	 0.925894	0.793000	0.932902	1.107000	 0.207000	 1.000000
0.346667	0.346667	1.000000	 0.925536	0.792000	0.932578	1.107000	 0.208000	 1.000000
0.348333	0.348333	1.000000	 0.925178	0.791000	0.932253	1.107000	 0.209000	 1.000000
0.350000	0.350000	1.000000	 0.924820	0.790000	0.931929	1.107000	 0.210000	 1.000000
0.351667	0.351667	1.000000	 0.924462	0.789000	0.931605	1.107000	 0.211000	 1.000000
0.353333	0.353333	1.000000	 0.924104	0.788000	0.931281	1.107000	 0.212000	 1.000000
0.355000	0.355000	1.000000	 0.923746	0.787000	0.930957	1.107000	 0.213000	 1.000000
0.356667	0.356667	1.000000	 0.923388	0.786000	0.930633	1.107000	 0.214000	 1.000000
0.358333	0.358333	1.000000	 0.923030	0.785000	0.930309	1.107000	 0.215000	 1.000000
0.360000	0.360000	1.000000	 0.922672	0.784000	0.929984	1.107000	 0.216000	 1.000000
0.361667	0.361667	1.000000	 0.922314	0.783000	0.929660	1.107000	 0.217000	 1.000000
0.363333	0.363333	1.000000	 0.921956	0.782000	0.929336	1.107000	 0.218000	 1.000000
0.365000	0.365000	1.000000	 0.921598	0.781000	0.929012	1.107000	 0.219000	 1.000000
0.366667	0.366667	1.000000	 0.921240	0.780000	0.928688	1.107000	 0.220000	 1.000000
0.368333	0.368333	1.000000	 0.920882	0.779000	0.928364	1.107000	 0.221000	 1.000000
0.370000	0.370000	1.000000	 0.920524	0.778000	0.928040	1.107000	 0.222000	 1.000000
0.371667	0.371667	1.000000	 0.920166	0.777000	0.927715	1.107000	 0.223000	 1.000000
0.373333	0.373333	1.000000	 0.919808	0.776000	0.927391	1.107000	 0.224000	 1.000000
0.375000	0.375000	1.000000	 0.919450	0.775000	0.927067	1.107000	 0.225000	 1.000000
0.376667	0.376667	1.000000	 0.919092	0.774000	0.926743	1.107000	 0.226000	 1.000000
0.378333	0.378333	1.000000	 0.918734	0.773000	0.926419	1.107000	 0.227000	 1.000000
0.380000	0.380000	1.000000	 0.918376	0.772000	0.926095	1.107000	 0.228000	 1.000000
0.381667	0.381667	1.000000	 0.918018	0.771000	0.925771	1.107000	 0.229000	 1.000000
0.383333	0.383333	1.000000	 0.917660	0.770000	0.925446	1.107000	 0.230000	 1.000000
0.385000	0.385000	1.000000	 0.917302	0.769000	0.925122	1.107000	 0.231000	 1.000000
0.386667	0.386667	1.000000	 0.916944	0.768000	0.924798	1.107000	 0.232000	 1.000000
0.388333	0.388333	1.000000	 0.916586	0.767000	0.924474	1.107000	 0.233000	 1.000000
0.390000	0.390000	1.000000	 0.916228	0.766000	0.924150	1.107000	 0.234000	 1.000000
0.391667	0.391667	1.000000	 0.915870	0.765000	0.923826	1.107000	 0.235000	 1.000000
0.393333	0.393333	1.000000	 0.915512	0.764000	0.923502	1.107000	 0.236000	 1.000000
0.395000	0.395000	1.000000	 0.915154	0.763000	0.923177	1.107000	 0.237000	 1.000000
0.396667	0.396667	1.000000	 0.914796	0.762000	0.922853	1.107000	 0.238000	 1.000000
0.398333	0.398333	1.000000	 0.914438	0.761000	0.922529	1.107000	 0.239000	 1.000000
0.400000	0.400000	1.000000	 0.914080	0.760000	0.922205	1.107000	 0.240000	 1.000000
0.401667	0.401667	1.000000	 0.913722	0.759000	0.921881	1.107000	 0.241000	 1.000000
0.403333	0.403333	1.000000	 0.913364	0.758000	0.921557	1.107000	 0.242000	 1.000000
0.405000	0.405000	1.000000	 0.913006	0.757000	0.921233	1.107000	 0.243000	 1.000000
0.406667	0.406667	1.000000	 0.912648	0.756000	0.920908	1.107000	 0.244000	 1.000000
0.408333	0.408333	1.000000	 0.912290	0.755000	0.920584	1.107000	 0.245000	 1.000000
0.410000	0.410000	1.000000	 0.911932	0.754000	0.920260	1.107000	 0.246000	 1.000000
0.411667	0.411667	1.000000	 0.911574	0.753000	0.919936	1.107000	 0.247000	 1.000000
0.413333	0.413333	1.000000	 0.911216	0.752000	0.919612	1.107000	 0.248000	 1.000000
0.415000	0.415000	1.000000	 0.910858	0.751000	0.919288	1.107000	 0.249000	 1.000000
0.416667	0.416667	1.000000	 0.910500	0.750000	0.918963	1.107000	 0.250000	 1.000000
0.418333	0.418333	1.000000	 0.910142	0.749000	0.918639	1.107000	 0.251000	 1.000000
0.420000	0.420000	1.000000	 0.909784	0.748000	0.918315	1.107000	 0.252000	 1.000000
0.421667	0.421667	1.000000	 0.909426	0.747000	0.917991	1.107000	 0.253000	 1.000000
0.423333	0.423333	1.000000	 0.909068	0.746000	0.917667	1.107000	 0.254000	 1.000000
0.425000	0.425000	1.000000	 0.908710	0.745000	0.917343	1.107000	 0.255000	 1.000000
0.426667	0.426667	1.000000	 0.908352	0.744000	0.917019	1.107000	 0.256000	 1.000000
0.428333	0.428333	1.000000	 0.907994	0.743000	0.916694	1.107000	 0.257000	 1.000000
0.430000	0.430000	1.000000	 0.907636	0.742000	0.916370	1.107000	 0.258000	 1.000000
0.431667	0.431667	1.000000	 0.907278	0.741000	0.916046	1.107000	 0.259000	 1.000000
0.433333	0.433333	1.000000	 0.906920	0.740000	0.915722	1.107000	 0.260000	 1.000000
0.435000	0.435000	1.000000	 0.906562	0.739000	0.915398	1.107000	 0.261000	 1.000000
0.436667	0.436667	1.000000	 0.906204	0.738000	0.915074	1.107000	 0.262000	 1.000000
0.438333	0.438333	1.000000	 0.905846	0.737000	0.914750	1.107000	 0.263000	 1.000000
0.440000	0.440000	1.000000	 0.905488	0.736000	0.914425	1.107000	 0.264000	 1.000000
0.441667	0.441667	1.000000	 0.905130	0.735000	0.914101	1.107000	 0.265000	 1.000000
0.443333	0.443333	1.000000	 0.904772	0.734000	0.913777	1.107000	 0.266000	 1.000000
0.445000	0.445000	1.000000	 0.904414	0.733000	0.913453	1.107000	 0.267000	 1.000000
0.446667	0.446667	1.000000	 0.904056	0.732000	0.913129	1.107000	 0.268000	 1.000000
0.448333	0.448333	1.000000	 0.903698	0.731000	0.912805	1.107000	 0.269000	 1.000000
0.450000	0.450000	1.000000	 0.903340	0.730000	0.912481	1.107000	 0.270000	 1.000000
0.451667	0.451667	1.000000	 0.902982	0.729000	0.912156	1.107000	 0.271000	 1.000000
0.453333	0.453333	1.000000	 0.902624	0.728000	0.911832	1.107000	 0.272000	 1.000000
0.455000	0.455000	1.000000	 0.902266	0.727000	0.911508	1.107000	 0.273000	 1.000000
0.456667	0.456667	1.000000	 0.901908	0.726000	0.911184	1.107000	 0.274000	 1.000000
0.458333	0.458333	1.000000	 0.901550	0.725000	0.910860	1.107000	 0.275000	 1.000000
0.460000	0.460000	1.000000	 0.901192	0.724000	0.910536	1.107000	 0.276000	 1.000000
0.461667	0.461667	1.000000	 0.900834	0.723000	0.910212	1.107000	 0.277000	 1.000000
0.463333	0.463333	1.000000	 0.900476	0.722000	0.909887	1.107000	 0.278000	 1.000000
0.465000	0.465000	1.000000	 0.900118	0.721000	0.909563	1.107000	 0.279000	 1.000000
0.466667	0.466667	1.000000	 0.899760	0.720000	0.909239	1.107000	 0.280000	 1.000000
0.468333	0.468333	1.000000	 0.899402	0.719000	0.908915	1.107000	 0.281000	 1.000000
0.470000	0.470000	1.000000	 0.899044	0.718000	0.908591	1.107000	 0.282000	 1.000000
0.471667	0.471667	1.000000	 0.898686	0.717000	0.908267	1.107000	 0.283000	 1.000000
0.473333	0.473333	1.000000	 0.898328	0.716000	0.907943	1.107000	 0.284000	 1.000000
0.475000	0.475000	1.000000	 0.897970	0.715000	0.907618	1.107000	 0.285000	 1.000000
0.476667	0.476667	1.000000	 0.897612	0.714000	0.907294	1.107000	 0.286000	 1.000000
0.478333	0.478333	1.000000	 0.897254	0.713000	0.906970	1.107000	 0.287000	 1.000000
0.480000	0.480000	1.000000	 0.896896	0.712000	0.906646	1.107000	 0.288000	 1.000000
0.481667	0.481667	1.000000	 0.896538	0.711000	0.906322	1.107000	 0.289000	 1.000000
0.483333	0.483333	1.000000	 0.896180	0.710000	0.905998	1.107000	 0.290000	 1.000000
0.485000	0.485000	1.000000	 0.895822	0.709000	0.905674	1.107000	 0.291000	 1.000000
0.486667	0.486667	1.000000	 0.895464	0.708000	0.905349	1.107000	 0.292000	 1.000000
0.488333	0.488333	1.000000	 0.895106	0.707000	0.905025	1.107000	 0.293000	 1.000000
0.490000	0.490000	1.000000	 0.894748	0.706000	0.904701	1.107000	 0.294000	 1.000000
0.491667	0.491667	1.000000	 0.894390	0.705000	0.904377	1.107000	 0.295000	 1.000000
0.493333	0.493333	1.000000	 0.894032	0.704000	0.904053	1.107000	 0.296000	 1.000000
0.495000	0.495000	1.000000	 0.893674	0.703000	0.903729	1.107000	 0.297000	 1.000000
0.496667	0.496667	1.000000	 0.893316	0.702000	0.903404	1.107000	 0.298000	 1.000000
0.498333	0.498333	1.000000	 0.892958	0.701000	0.903080	1.107000	 0.299000	 1.000000
0.500000	0.500000	1.000000	 0.892600	0.700000	0.902756	1.107000	 0.300000	 1.000000
0.501667	0.501667	1.000000	 0.892242	0.699000	0.902432	1.107000	 0.301000	 1.000000
0.503333	0.503333	1.000000	 0.891884	0.698000	0.902108	1.107000	 0.302000	 1.000000
0.505000	0.505000	1.000000	 0.891526	0.697000	0.901784	1.107000	 0.303000	 1.000000
0.506667	0.506667	1.000000	 0.891168	0.696000	0.901460	1.107000	 0.304000	 1.000000
0.508333	0.508333	1.000000	 0.890810	0.695000	0.901135	1.107000	 0.305000	 1.000000
0.510000	0.510000	1.000000	 0.890452	0.694000	0.900811	1.107000	 0.306000	 1.000000
0.511667	0.511667	1.000000	 0.890094	0.693000	0.900487	1.107000	 0.307000	 1.000000
0.513333	0.513333	1.000000	 0.889736	0.692000	0.900163	1.107000	 0.308000	 1.000000
0.515000	0.515000	1.000000	 0.889378	0.691000	0.899839	1.107000	 0.309000	 1.000000
0.516667	0.516667	1.000000	 0.889020	0.690000	0.899515	1.107000	 0.310000	 1.000000
0.518333	0.518333	1.000000	 0.888662	0.689000	0.899191	1.107000	 0.311000	 1.000000
0.520000	0.520000	1.000000	 0.888304	0.688000	0.898866	1.107000	 0.312000	 1.000000
0.521667	0.521667	1.000000	 0.887946	0.687000	0.898542	1.107000	 0.313000	 1.000000
0.523333	0.523333	1.000000	 0.887588	0.686000	0.898218	1.107000	 0.314000	 1.000000
0.525000	0.525000	1.000000	 0.887230	0.685000	0.897894	1.107000	 0.315000	 1.000000
0.526667	0.526667	1.000000	 0.886872	0.684000	0.897570	1.107000	 0.316000	 1.000000
0.528333	0.528333	1.000000	 0.886514	0.683000	0.897246	1.107000	 0.317000	 1.000000
0.530000	0.530000	1.000000	 0.886156	0.682000	0.896922	1.107000	 0.318000	 1.000000
0.531667	0.531667	1.000000	 0.885798	0.681000	0.896597	1.107000	 0.319000	 1.000000
0.533333	0.533333	1.000000	 0.885440	0.680000	0.896273	1.107000	 0.320000	 1.000000
0.535000	0.535000	1.000000	 0.885082	0.679000	0.895949	1.107000	 0.321000	 1.000000
0.536667	0.536667	1.000000	 0.884724	0.678000	0.895625	1.107000	 0.322000	 1.000000
0.538333	0.538333	1.000000	 0.884366	0.677000	0.895301	1.107000	 0.323000	 1.000000
0.540000	0.540000	1.000000	 0.884008	0.676000	0.894977	1.107000	 0.324000	 1.000000
0.541667	0.541667	1.000000	 0.883650	0.675000	0.894653	1.107000	 0.325000	 1.000000
0.543333	0.543333	1.000000	 0.883292	0.674000	0.894328	1.107000	 0.326000	 1.000000
0.545000	0.545000	1.000000	 0.882934	0.673000	0.894004	1.107000	 0.327000	 1.000000
0.546667	0.546667	1.000000	 0.882576	0.672000	0.893680	1.107000	 0.328000	 1.000000
0.548333	0.548333	1.000000	 0.882218	0.671000	0.893356	1.107000	 0.329000	 1.000000
0.550000	0.550000	1.000000	 0.881860	0.670000	0.893032	1.107000	 0.330000	 1.000000
0.551667	0.551667	1.000000	 0.881502	0.669000	0.892708	1.107000	 0.331000	 1.000000
0.553333	0.553333	1.000000	 0.881144	0.668000	0.892384	1.107000	 0.332000	 1.000000
0.555000	0.555000	1.000000	 0.880786	0.667000	0.892059	1.107000	 0.333000	 1.000000
0.556667	0.556667	1.000000	 0.880428	0.666000	0.891735	1.107000	 0.334000	 1.000000
0.558333	0.558333	1.000000	 0.880070	0.665000	0.891411	1.107000	 0.335000	 1.000000
0.560000	0.560000	1.000000	 0.879712	0.664000	0.891087	1.107000	 0.336000	 1.000000
0.561667	0.561667	1.000000	 0.879354	0.663000	0.890763	1.107000	 0.337000	 1.000000
0.563333	0.563333	1.000000	 0.878996	0.662000	0.890439	1.107000	 0.338000	 1.000000
0.565000	0.565000	1.000000	 0.878638	0.661000	0.890115	1.107000	 0.339000	 1.000000
0.566667	0.566667	1.000000	 0.878280	0.660000	0.889790	1.107000	 0.340000	 1.000000
0.568333	0.568333	1.000000	 0.877922	0.659000	0.889466	1.107000	 0.341000	 1.000000
0.570000	0.570000	1.000000	 0.877564	0.658000	0.889142	1.107000	 0.342000	 1.000000
0.571667	0.571667	1.000000	 0.877206	0.657000	0.888818	1.107000	 0.343000	 1.000000
0.573333	0.573333	1.000000	 0.876848	0.656000	0.888494	1.107000	 0.344000	 1.000000
0.575000	0.575000	1.000000	 0.876490	0.655000	0.888170	1.107000	 0.345000	 1.000000
0.576667	0.576667	1.000000	 0.876132	0.654000	0.887845	1.107000	 0.346000	 1.000000
0.578333	0.578333	1.000000	 0.875774	0.653000	0.887521	1.107000	 0.347000	 1.000000
0.580000	0.580000	1.000000	 0.875416	0.652000	0.887197	1.107000	 0.348000	 1.000000
0.581667	0.581667	1.000000	 0.875058	0.651000	0.886873	1.107000	 0.349000	 1.000000
0.583333	0.583333	1.000000	 0.874700	0.650000	0.886549	1.107000	 0.350000	 1.000000
0.585000	0.585000	1.000000	 0.874342	0.649000	0.886225	1.107000	 0.351000	 1.000000
0.586667	0.586667	1.000000	 0.873984	0.648000	0.885901	1.107000	 0.352000	 1.000000
0.588333	0.588333	1.000000	 0.873626	0.647000	0.885576	1.107000	 0.353000	 1.000000
0.590000	0.590000	1.000000	 0.873268	0.646000	0.885252	1.107000	 0.354000	 1.000000
0.591667	0.591667	1.000000	 0.872910	0.645000	0.884928	1.107000	 0.355000	 1.000000
0.593333	0.593333	1.000000	 0.872552	0.644000	0.884604	1.107000	 0.356000	 1.000000
0.595000	0.595000	1.000000	 0.872194	0.643000	0.884280	1.107000	 0.357000	 1.000000
0.596667	0.596667	1.000000	 0.871836	0.642000	0.883956	1.107000	 0.358000	 1.000000
0.598333	0.598333	1.000000	 0.871478	0.641000	0.883632	1.107000	 0.359000	 1.000000
0.600000	0.600000	1.000000	 0.871120	0.640000	0.883307	1.107000	 0.360000	 1.000000
0.601667	0.601667	1.000000	 0.870762	0.639000	0.882983	1.107000	 0.361000	 1.000000
0.603333	0.603333	1.000000	 0.870404	0.638000	0.882659	1.107000	 0.362000	 1.000000
0.605000	0.605000	1.000000	 0.870046	0.637000	0.882335	1.107000	 0.363000	 1.000000
0.606667	0.606667	1.000000	 0.869688	0.636000	0.882011	1.107000	 0.364000	 1.000000
0.608333	0.608333	1.000000	 0.869330	0.635000	0.881687	1.107000	 0.365000	 1.000000
0.610000	0.610000	1.000000	 0.868972	0.634000	0.881363	1.107000	 0.366000	 1.000000
0.611667	0.611667	1.000000	 0.868614	0.633000	0.881038	1.107000	 0.367000	 1.000000
0.613333	0.613333	1.000000	 0.868256	0.632000	0.880714	1.107000	 0.368000	 1.000000
0.615000	0.615000	1.000000	 0.867898	0.631000	0.880390	1.107000	 0.369000	 1.000000
0.616667	0.616667	1.000000	 0.867540	0.630000	0.880066	1.107000	 0.370000	 1.000000
0.618333	0.618333	1.000000	 0.867182	0.629000	0.879742	1.107000	 0.371000	 1.000000
0.620000	0.620000	1.000000	 0.866824	0.628000	0.879418	1.107000	 0.372000	 1.000000
0.621667	0.621667	1.000000	 0.866466	0.627000	0.879094	1.107000	 0.373000	 1.000000
0.623333	0.623333	1.000000	 0.866108	0.626000	0.878769	1.107000	 0.374000	 1.000000
0.625000	0.625000	1.000000	 0.865750	0.625000	0.878445	1.107000	 0.375000	 1.000000
0.626667	0.626667	1.000000	 0.865392	0.624000	0.878121	1.107000	 0.376000	 1.000000
0.628333	0.628333	1.000000	 0.865034	0.623000	0.877797	1.107000	 0.377000	 1.000000
0.630000	0.630000	1.000000	 0.864676	0.622000	0.877473	1.107000	 0.378000	 1.000000
0.631667	0.631667	1.000000	 0.864318	0.621000	0.877149	1.107000	 0.379000	 1.000000
0.633333	0.633333	1.000000	 0.863960	0.620000	0.876825	1.107000	 0.380000	 1.000000
0.635000	0.635000	1.000000	 0.863602	0.619000	0.876500	1.107000	 0.381000	 1.000000
0.636667	0.636667	1.000000	 0.863244	0.618000	0.876176	1.107000	 0.382000	 1.000000
0.638333	0.638333	1.000000	 0.862886	0.617000	0.875852	1.107000	 0.383000	 1.000000
0.640000	0.640000	1.000000	 0.862528	0.616000	0.875528	1.107000	 0.384000	 1.000000
0.641667	0.641667	1.000000	 0.862170	0.615000	0.875204	1.107000	 0.385000	 1.000000
0.643333	0.643333	1.000000	 0.861812	0.614000	0.874880	1.107000	 0.386000	 1.000000
0.645000	0.645000	1.000000	 0.861454	0.613000	0.874555	1.107000	 0.387000	 1.000000
0.646667	0.646667	1.000000	 0.861096	0.612000	0.874231	1.107000	 0.388000	 1.000000
0.648333	0.648333	1.000000	 0.860738	0.611000	0.873907	1.107000	 0.389000	 1.000000
0.650000	0.650000	1.000000	 0.860380	0.610000	0.873583	1.107000	 0.390000	 1.000000
0.651667	0.651667	1.000000	 0.860022	0.609000	0.873259	1.107000	 0.391000	 1.000000
0.653333	0.653333	1.000000	 0.859664	0.608000	0.872935	1.107000	 0.392000	 1.000000
0.655000	0.655000	1.000000	 0.859306	0.607000	0.872611	1.107000	 0.393000	 1.000000
0.656667	0.656667	1.000000	 0.858948	0.606000	0.872286	1.107000	 0.394000	 1.000000
0.658333	0.658333	1.000000	 0.858590	0.605000	0.871962	1.107000	 0.395000	 1.000000
0.660000	0.660000	1.000000	 0.858232	0.604000	0.871638	1.107000	 0.396000	 1.000000
0.661667	0.661667	1.000000	 0.857874	0.603000	0.871314	1.107000	 0.397000	 1.000000
0.663333	0.663333	1.000000	 0.857516	0.602000	0.870990	1.107000	 0.398000	 1.000000
0.665000	0.665000	1.000000	 0.857158	0.601000	0.870666	1.107000	 0.399000	 1.000000
0.666667	0.666667	1.000000	 0.856800	0.600000	0.870342	1.107000	 0.400000	 1.000000
0.668333	0.668333	1.000000	 0.856442	0.599000	0.870017	1.107000	 0.401000	 1.000000
0.670000	0.670000	1.000000	 0.856084	0.598000	0.869693	1.107000	 0.402000	 1.000000
0.671667	0.671667	1.000000	 0.855726	0.597000	0.869369	1.107000	 0.403000	 1.000000
0.673333	0.673333	1.000000	 0.855368	0.596000	0.869045	1.107000	 0.404000	 1.000000
0.675000	0.675000	1.000000	 0.855010	0.595000	0.868721	1.107000	 0.405000	 1.000000
0.676667	0.676667	1.000000	 0.854652	0.594000	0.868397	1.107000	 0.406000	 1.000000
0.678333	0.678333	1.000000	 0.854294	0.593000	0.868073	1.107000	 0.407000	 1.000000
0.680000	0.680000	1.000000	 0.853936	0.592000	0.867748	1.107000	 0.408000	 1.000000
0.681667	0.681667	1.000000	 0.853578	0.591000	0.867424	1.107000	 0.409000	 1.000000
0.683333	0.683333	1.000000	 0.853220	0.590000	0.867100	1.107000	 0.410000	 1.000000
0.685000	0.685000	1.000000	 0.852862	0.589000	0.866776	1.107000	 0.411000	 1.000000
0.686667	0.686667	1.000000	 0.852504	0.588000	0.866452	1.107000	 0.412000	 1.000000
0.688333	0.688333	1.000000	 0.852146	0.587000	0.866128	1.107000	 0.413000	 1.000000
0.690000	0.690000	1.000000	 0.851788	0.586000	0.865804	1.107000	 0.414000	 1.000000
0.691667	0.691667	1.000000	 0.851430	0.585000	0.865479	1.107000	 0.415000	 1.000000
0.693333	0.693333	1.000000	 0.851072	0.584000	0.865155	1.107000	 0.416000	 1.000000
0.695000	0.695000	1.000000	 0.850714	0.583000	0.864831	1.107000	 0.417000	 1.000000
0.696667	0.696667	1.000000	 0.850356	0.582000	0.864507	1.107000	 0.418000	 1.000000
0.698333	0.698333	1.000000	 0.849998	0.581000	0.864183	1.107000	 0.419000	 1.000000
0.700000	0.700000	1.000000	 0.849640	0.580000	0.863859	1.107000	 0.420000	 1.000000
0.701667	0.701667	1.000000	 0.849282	0.579000	0.863535	1.107000	 0.421000	 1.000000
0.703333	0.703333	1.000000	 0.848924	0.578000	0.863210	1.107000	 0.422000	 1.000000
0.705000	0.705000	1.000000	 0.848566	0.577000	0.862886	1.107000	 0.423000	 1.000000
0.706667	0.706667	1.000000	 0.848208	0.576000	0.862562	1.107000	 0.424000	 1.000000
0.708333	0.708333	1.000000	 0.847850	0.575000	0.862238	1.107000	 0.425000	 1.000000
0.710000	0.710000	1.000000	 0.847492	0.574000	0.861914	1.107000	 0.426000	 1.000000
0.711667	0.711667	1.000000	 0.847134	0.573000	0.861590	1.107000	 0.427000	 1.000000
0.713333	0.713333	1.000000	 0.846776	0.572000	0.861266	1.107000	 0.428000	 1.000000
0.715000	0.715000	1.000000	 0.846418	0.571000	0.860941	1.107000	 0.429000	 1.000000
0.716667	0.716667	1.000000	 0.846060	0.570000	0.860617	1.107000	 0.430000	 1.000000
0.718333	0.718333	1.000000	 0.845702	0.569000	0.860293	1.107000	 0.431000	 1.000000
0.720000	0.720000	1.000000	 0.845344	0.568000	0.859969	1.107000	 0.432000	 1.000000
0.721667	0.721667	1.000000	 0.844986	0.567000	0.859645	1.107000	 0.433000	 1.000000
0.723333	0.723333	1.000000	 0.844628	0.566000	0.859321	1.107000	 0.434000	 1.000000
0.725000	0.725000	1.000000	 0.844270	0.565000	0.858996	1.107000	 0.435000	 1.000000
0.726667	0.726667	1.000000	 0.843912	0.564000	0.858672	1.107000	 0.436000	 1.000000
0.728333	0.728333	1.000000	 0.843554	0.563000	0.858348	1.107000	 0.437000	 1.000000
0.730000	0.730000	1.000000	 0.843196	0.562000	0.858024	1.107000	 0.438000	 1.000000
0.731667	0.731667	1.000000	 0.842838	0.561000	0.857700	1.107000	 0.439000	 1.000000
0.733333	0.733333	1.000000	 0.842480	0.560000	0.857376	1.107000	 0.440000	 1.000000
0.735000	0.735000	1.000000	 0.842122	0.559000	0.857052	1.107000	 0.441000	 1.000000
0.736667	0.736667	1.000000	 0.841764	0.558000	0.856727	1.107000	 0.442000	 1.000000
0.738333	0.738333	1.000000	 0.841406	0.557000	0.856403	1.107000	 0.443000	 1.000000
0.740000	0.740000	1.000000	 0.841048	0.556000	0.856079	1.107000	 0.444000	 1.000000
0.741667	0.741667	1.000000	 0.840690	0.555000	0.855755	1.107000	 0.445000	 1.000000
0.743333	0.743333	1.000000	 0.840332	0.554000	0.855431	1.107000	 0.446000	 1.000000
0.745000	0.745000	1.000000	 0.839974	0.553000	0.855107	1.107000	 0.447000	 1.000000
0.746667	0.746667	1.000000	 0.839616	0.552000	0.854783	1.107000	 0.448000	 1.000000
0.748333	0.748333	1.000000	 0.839258	0.551000	0.854458	1.107000	 0.449000	 1.000000
0.750000	0.750000	1.000000	 0.838900	0.550000	0.854134	1.107000	 0.450000	 1.000000
0.751667	0.751667	1.000000	 0.838542	0.549000	0.853810	1.107000	 0.451000	 1.000000
0.753333	0.753333	1.000000	 0.838184	0.548000	0.853486	1.107000	 0.452000	 1.000000
0.755000	0.755000	1.000000	 0.837826	0.547000	0.853162	1.107000	 0.453000	 1.000000
0.756667	0.756667	1.000000	 0.837468	0.546000	0.852838	1.107000	 0.454000	 1.000000
0.758333	0.758333	1.000000	 0.837110	0.545000	0.852514	1.107000	 0.455000	 1.000000
0.760000	0.760000	1.000000	 0.836752	0.544000	0.852189	1.107000	 0.456000	 1.000000
0.761667	0.761667	1.000000	 0.836394	0.543000	0.851865	1.107000	 0.457000	 1.000000
0.763333	0.763333	1.000000	 0.836036	0.542000	0.851541	1.107000	 0.458000	 1.000000
0.765000	0.765000	1.000000	 0.835678	0.541000	0.851217	1.107000	 0.459000	 1.000000
0.766667	0.766667	1.000000	 0.835320	0.540000	0.850893	1.107000	 0.460000	 1.000000
0.768333	0.768333	1.000000	 0.834962	0.539000	0.850569	1.107000	 0.461000	 1.000000
0.770000	0.770000	1.000000	 0.834604	0.538000	0.850245	1.107000	 0.462000	 1.000000
0.771667	0.771667	1.000000	 0.834246	0.537000	0.849920	1.107000	 0.463000	 1.000000
0.773333	0.773333	1.000000	 0.833888	0.536000	0.849596	1.107000	 0.464000	 1.000000
0.775000	0.775000	1.000000	 0.833530	0.535000	0.849272	1.107000	 0.465000	 1.000000
0.776667	0.776667	1.000000	 0.833172	0.534000	0.848948	1.107000	 0.466000	 1.000000
0.778333	0.778333	1.000000	 0.832814	0.533000	0.848624	1.107000	 0.467000	 1.000000
0.780000	0.780000	1.000000	 0.832456	0.532000	0.848300	1.107000	 0.468000	 1.000000
0.781667	0.781667	1.000000	 0.832098	0.531000	0.847976	1.107000	 0.469000	 1.000000
0.783333	0.783333	1.000000	 0.831740	0.530000	0.847651	1.107000	 0.470000	 1.000000
0.785000	0.785000	1.000000	 0.831382	0.529000	0.847327	1.107000	 0.471000	 1.000000
0.786667	0.786667	1.000000	 0.831024	0.528000	0.847003	1.107000	 0.472000	 1.000000
0.788333	0.788333	1.000000	 0.830666	0.527000	0.846679	1.107000	 0.473000	 1.000000
0.790000	0.790000	1.000000	 0.830308	0.526000	0.846355	1.107000	 0.474000	 1.000000
0.791667	0.791667	1.000000	 0.829950	0.525000	0.846031	1.107000	 0.475000	 1.000000
0.793333	0.793333	1.000000	 0.829592	0.524000	0.845707	1.107000	 0.476000	 1.000000
0.795000	0.795000	1.000000	 0.829234	0.523000	0.845382	1.107000	 0.477000	 1.000000
0.796667	0.796667	1.000000	 0.828876	0.522000	0.845058	1.107000	 0.478000	 1.000000
0.798333	0.798333	1.000000	 0.828518	0.521000	0.844734	1.107000	 0.479000	 1.000000
0.800000	0.800000	1.000000	 0.828160	0.520000	0.844410	1.107000	 0.480000	 1.000000
0.801667	0.801667	1.000000	 0.827802	0.519000	0.844086	1.107000	 0.481000	 1.000000
0.803333	0.803333	1.000000	 0.827444	0.518000	0.843762	1.107000	 0.482000	 1.000000
0.805000	0.805000	1.000000	 0.827086	0.517000	0.843437	1.107000	 0.483000	 1.000000
0.806667	0.806667	1.000000	 0.826728	0.516000	0.843113	1.107000	 0.484000	 1.000000
0.808333	0.808333	1.000000	 0.826370	0.515000	0.842789	1.107000	 0.485000	 1.000000
0.810000	0.810000	1.000000	 0.826012	0.514000	0.842465	1.107000	 0.486000	 1.000000
0.811667	0.811667	1.000000	 0.825654	0.513000	0.842141	1.107000	 0.487000	 1.000000
0.813333	0.813333	1.000000	 0.825296	0.512000	0.841817	1.107000	 0.488000	 1.000000
0.815000	0.815000	1.000000	 0.824938	0.511000	0.841493	1.107000	 0.489000	 1.000000
0.816667	0.816667	1.000000	 0.824580	0.510000	0.841168	1.107000	 0.490000	 1.000000
0.818333	0.818333	1.000000	 0.824222	0.509000	0.840844	1.107000	 0.491000	 1.000000
0.820000	0.820000	1.000000	 0.823864	0.508000	0.840520	1.107000	 0.492000	 1.000000
0.821667	0.821667	1.000000	 0.823506	0.507000	0.840196	1.107000	 0.493000	 1.000000
0.823333	0.823333	1.000000	 0.823148	0.506000	0.839872	1.107000	 0.494000	 1.000000
0.825000	0.825000	1.000000	 0.822790	0.505000	0.839548	1.107000	 0.495000	 1.000000
0.826667	0.826667	1.000000	 0.822432	0.504000	0.839224	1.107000	 0.496000	 1.000000
0.828333	0.828333	1.000000	 0.822074	0.503000	0.838899	1.107000	 0.497000	 1.000000
0.830000	0.830000	1.000000	 0.821716	0.502000	0.838575	1.107000	 0.498000	 1.000000
0.831667	0.831667	1.000000	 0.821358	0.501000	0.838251	1.107000	 0.499000	 1.000000
0.833333	0.833333	1.000000	 0.821000	0.500000	0.837927	1.107000	 0.500000	 1.000000
0.835000	0.835000	1.000000	 0.820642	0.499000	0.837603	1.107000	 0.501000	 1.000000
0.836667	0.836667	1.000000	 0.820284	0.498000	0.837279	1.107000	 0.502000	 1.000000
0.838333	0.838333	1.000000	 0.819926	0.497000	0.836955	1.107000	 0.503000	 1.000000
0.840000	0.840000	1.000000	 0.819568	0.496000	0.836630	1.107000	 0.504000	 1.000000
0.841667	0.841667	1.000000	 0.819210	0.495000	0.836306	1.107000	 0.505000	 1.000000
0.843333	0.843333	1.000000	 0.818852	0.494000	0.835982	1.107000	 0.506000	 1.000000
0.845000	0.845000	1.000000	 0.818494	0.493000	0.835658	1.107000	 0.507000	 1.000000
0.846667	0.846667	1.000000	 0.818136	0.492000	0.835334	1.107000	 0.508000	 1.000000
0.848333	0.848333	1.000000	 0.817778	0.491000	0.835010	1.107000	 0.509000	 1.000000
0.850000	0.850000	1.000000	 0.817420	0.490000	0.834686	1.107000	 0.510000	 1.000000
0.851667	0.851667	1.000000	 0.817062	0.489000	0.834361	1.107000	 0.511000	 1.000000
0.853333	0.853333	1.000000	 0.816704	0.488000	0.834037	1.107000	 0.512000	 1.000000
0.855000	0.855000	1.000000	 0.816346	0.487000	0.833713	1.107000	 0.513000	 1.000000
0.856667	0.856667	1.000000	 0.815988	0.486000	0.833389	1.107000	 0.514000	 1.000000
0.858333	0.858333	1.000000	 0.815630	0.485000	0.833065	1.107000	 0.515000	 1.000000
0.860000	0.860000	1.000000	 0.815272	0.484000	0.832741	1.107000	 0.516000	 1.000000
0.861667	0.861667	1.000000	 0.814914	0.483000	0.832417	1.107000	 0.517000	 1.000000
0.863333	0.863333	1.000000	 0.814556	0.482000	0.832092	1.107000	 0.518000	 1.000000
0.865000	0.865000	1.000000	 0.814198	0.481000	0.831768	1.107000	 0.519000	 1.000000
0.866667	0.866667	1.000000	 0.813840	0.480000	0.831444	1.107000	 0.520000	 1.000000
0.868333	0.868333	1.000000	 0.813482	0.479000	0.831120	1.107000	 0.521000	 1.000000
0.870000	0.870000	1.000000	 0.813124	0.478000	0.830796	1.107000	 0.522000	 1.000000
0.871667	0.871667	1.000000	 0.812766	0.477000	0.830472	1.107000	 0.523000	 1.000000
0.873333	0.873333	1.000000	 0.812408	0.476000	0.830147	1.107000	 0.524000	 1.000000
0.875000	0.875000	1.000000	 0.812050	0.475000	0.829823	1.107000	 0.525000	 1.000000
0.876667	0.876667	1.000000	 0.811692	0.474000	0.829499	1.107000	 0.526000	 1.000000
0.878333	0.878333	1.000000	 0.811334	0.473000	0.829175	1.107000	 0.527000	 1.000000
0.880000	0.880000	1.000000	 0.810976	0.472000	0.828851	1.107000	 0.528000	 1.000000
0.881667	0.881667	1.000000	 0.810618	0.471000	0.828527	1.107000	 0.529000	 1.000000
0.883333	0.883333	1.000000	 0.810260	0.470000	0.828203	1.107000	 0.530000	 1.000000
0.885000	0.885000	1.000000	 0.809902	0.469000	0.827878	1.107000	 0.531000	 1.000000
0.886667	0.886667	1.000000	 0.809544	0.468000	0.827554	1.107000	 0.532000	 1.000000
0.888333	0.888333	1.000000	 0.809186	0.467000	0.827230	1.107000	 0.533000	 1.000000
0.890000	0.890000	1.000000	 0.808828	0.466000	0.826906	1.107000	 0.534000	 1.000000
0.891667	0.891667	1.000000	 0.808470	0.465000	0.826582	1.107000	 0.535000	 1.000000
0.893333	0.893333	1.000000	 0.808112	0.464000	0.826258	1.107000	 0.536000	 1.000000
0.895000	0.895000	1.000000	 0.807754	0.463000	0.825934	1.107000	 0.537000	 1.000000
0.896667	0.896667	1.000000	 0.807396	0.462000	0.825609	1.107000	 0.538000	 1.000000
0.898333	0.898333	1.000000	 0.807038	0.461000	0.825285	1.107000	 0.539000	 1.000000
0.900000	0.900000	1.000000	 0.806680	0.460000	0.824961	1.107000	 0.540000	 1.000000
0.901667	0.901667	1.000000	 0.806322	0.459000	0.824637	1.107000	 0.541000	 1.000000
0.903333	0.903333	1.000000	 0.805964	0.458000	0.824313	1.107000	 0.542000	 1.000000
0.905000	0.905000	1.000000	 0.805606	0.457000	0.823989	1.107000	 0.543000	 1.000000
0.906667	0.906667	1.000000	 0.805248	0.456000	0.823665	1.107000	 0.544000	 1.000000
0.908333	0.908333	1.000000	 0.804890	0.455000	0.823340	1.107000	 0.545000	 1.000000
0.910000	0.910000	1.000000	 0.804532	0.454000	0.823016	1.107000	 0.546000	 1.000000
0.911667	0.911667	1.000000	 0.804174	0.453000	0.822692	1.107000	 0.547000	 1.000000
0.913333	0.913333	1.000000	 0.803816	0.452000	0.822368	1.107000	 0.548000	 1.000000
0.915000	0.915000	1.000000	 0.803458	0.451000	0.822044	1.107000	 0.549000	 1.000000
0.916667	0.916667	1.000000	 0.803100	0.450000	0.821720	1.107000	 0.550000	 1.000000
0.918333	0.918333	1.000000	 0.802742	0.449000	0.821396	1.107000	 0.551000	 1.000000
0.920000	0.920000	1.000000	 0.802384	0.448000	0.821071	1.107000	 0.552000	 1.000000
0.921667	0.921667	1.000000	 0.802026	0.447000	0.820747	1.107000	 0.553000	 1.000000
0.923333	0.923333	1.000000	 0.801668	0.446000	0.820423	1.107000	 0.554000	 1.000000
0.925000	0.925000	1.000000	 0.801310	0.445000	0.820099	1.107000	 0.555000	 1.000000
0.926667	0.926667	1.000000	 0.800952	0.444000	0.819775	1.107000	 0.556000	 1.000000
0.928333	0.928333	1.000000	 0.800594	0.443000	0.819451	1.107000	 0.557000	 1.000000
0.930000	0.930000	1.000000	 0.800236	0.442000	0.819127	1.107000	 0.558000	 1.000000
0.931667	0.931667	1.000000	 0.799878	0.441000	0.818802	1.107000	 0.559000	 1.000000
0.933333	0.933333	1.000000	 0.799520	0.440000	0.818478	1.107000	 0.560000	 1.000000
0.935000	0.935000	1.000000	 0.799162	0.439000	0.818154	1.107000	 0.561000	 1.000000
0.936667	0.936667	1.000000	 0.798804	0.438000	0.817830	1.107000	 0.562000	 1.000000
0.938333	0.938333	1.000000	 0.798446	0.437000	0.817506	1.107000	 0.563000	 1.000000
0.940000	0.940000	1.000000	 0.798088	0.436000	0.817182	1.107000	 0.564000	 1.000000
0.941667	0.941667	1.000000	 0.797730	0.435000	0.816858	1.107000	 0.565000	 1.000000
0.943333	0.943333	1.000000	 0.797372	0.434000	0.816533	1.107000	 0.566000	 1.000000
0.945000	0.945000	1.000000	 0.797014	0.433000	0.816209	1.107000	 0.567000	 1.000000
0.946667	0.946667	1.000000	 0.796656	0.432000	0.815885	1.107000	 0.568000	 1.000000
0.948333	0.948333	1.000000	 0.796298	0.431000	0.815561	1.107000	 0.569000	 1.000000
0.950000	0.950000	1.000000	 0.795940	0.430000	0.815237	1.107000	 0.570000	 1.000000
0.951667	0.951667	1.000000	 0.795582	0.429000	0.814913	1.107000	 0.571000	 1.000000
0.953333	0.953333	1.000000	 0.795224	0.428000	0.814588	1.107000	 0.572000	 1.000000
0.955000	0.955000	1.000000	 0.794866	0.427000	0.814264	1.107000	 0.573000	 1.000000
0.956667	0.956667	1.000000	 0.794508	0.426000	0.813940	1.107000	 0.574000	 1.000000
0.958333	0.958333	1.000000	 0.794150	0.425000	0.813616	1.107000	 0.575000	 1.000000
0.960000	0.960000	1.000000	 0.793792	0.424000	0.813292	1.107000	 0.576000	 1.000000
0.961667	0.961667	1.000000	 0.793434	0.423000	0.812968	1.107000	 0.577000	 1.000000
0.963333	0.963333	1.000000	 0.793076	0.422000	0.812644	1.107000	 0.578000	 1.000000
0.965000	0.965000	1.000000	 0.792718	0.421000	0.812319	1.107000	 0.579000	 1.000000
0.966667	0.966667	1.000000	 0.792360	0.420000	0.811995	1.107000	 0.580000	 1.000000
0.968333	0.968333	1.000000	 0.792002	0.419000	0.811671	1.107000	 0.581000	 1.000000
0.970000	0.970000	1.000000	 0.791644	0.418000	0.811347	1.107000	 0.582000	 1.000000
0.971667	0.971667	1.000000	 0.791286	0.417000	0.811023	1.107000	 0.583000	 1.000000
0.973333	0.973333	1.000000	 0.790928	0.416000	0.810699	1.107000	 0.584000	 1.000000
0.975000	0.975000	1.000000	 0.790570	0.415000	0.810375	1.107000	 0.585000	 1.000000
0.976667	0.976667	1.000000	 0.790212	0.414000	0.810050	1.107000	 0.586000	 1.000000
0.978333	0.978333	1.000000	 0.789854	0.413000	0.809726	1.107000	 0.587000	 1.000000
0.980000	0.980000	1.000000	 0.789496	0.412000	0.809402	1.107000	 0.588000	 1.000000
0.981667	0.981667	1.000000	 0.789138	0.411000	0.809078	1.107000	 0.589000	 1.000000
0.983333	0.983333	1.000000	 0.788780	0.410000	0.808754	1.107000	 0.590000	 1.000000
0.985000	0.985000	1.000000	 0.788422	0.409000	0.808430	1.107000	 0.591000	 1.000000
0.986667	0.986667	1.000000	 0.788064	0.408000	0.808106	1.107000	 0.592000	 1.000000
0.988333	0.988333	1.000000	 0.787706	0.407000	0.807781	1.107000	 0.593000	 1.000000
0.990000	0.990000	1.000000	 0.787348	0.406000	0.807457	1.107000	 0.594000	 1.000000
0.991667	0.991667	1.000000	 0.786990	0.405000	0.807133	1.107000	 0.595000	 1.000000
0.993333	0.993333	1.000000	 0.786632	0.404000	0.806809	1.107000	 0.596000	 1.000000
0.995000	0.995000	1.000000	 0.786274	0.403000	0.806485	1.107000	 0.597000	 1.000000
0.996667	0.996667	1.000000	 0.785916	0.402000	0.806161	1.107000	 0.598000	 1.000000
0.998333	0.998333	1.000000	 0.785558	0.401000	0.805837	1.107000	 0.599000	 1.000000
